-1.972130156835898873e+00 3.000711963740834598e+00
3.701638955218946592e-01 1.735977130375986555e+00
2.702549571661911898e+00 -1.033006404506294551e+00
3.573225226554656686e+00 8.380092500227904750e-01
3.160900283204882477e+00 2.886829372769741830e+00
1.192971608446762311e+00 5.518884035698423673e-01
-2.445696469328236589e+00 6.551091292260053933e-01
-1.473748541072179563e-01 3.005730424566152692e+00
-1.233942069903006811e-01 -6.790679882737551409e-01
-3.285801420140010976e-01 1.853299048423506790e-01
1.461099453862067854e+00 1.735906251584702353e+00
4.163951164349244394e-01 -7.956620672671359529e-01
2.400721398699634079e+00 -2.169338206425219795e-01
1.273341653243695859e+00 2.809382633115610872e+00
-1.899608605832007413e+00 1.467907012319784599e+00
-2.463846645383257261e+00 -8.134282061452973167e-01
-2.874632976895750147e+00 -2.390318404548407827e+00
-1.116525730353917112e+00 -3.065651397053962945e+00
2.567960991892504374e+00 3.766593479661924704e+00
-3.303300397382553655e-01 4.157934376762559836e-01
-3.799853788752015404e+00 -2.675763823485381998e+00
3.773724056761333934e+00 -3.129887527583108842e+00
1.247891414511252073e+00 7.083201824438409844e-01
1.117569562971858943e+00 -1.093316767308813553e+00
3.825470472813696787e-01 -3.626997168290253981e+00
-2.600140815618646073e+00 -2.635741674713267813e-01
2.250405722483237447e+00 2.558676099211636412e+00
1.159421877340767182e+00 -2.947334721045653971e+00
-3.746768958681911954e-01 -3.152089541654206073e+00
-1.565639439403214261e+00 -1.947412018114193621e+00
3.853275509362223517e+00 2.779104251608445431e+00
1.596492619986651817e+00 -3.004806473975332182e-01
-3.561010835878373193e+00 3.283711494962505029e+00
-2.055628408746655644e+00 5.786382411430510686e-01
2.229627139357907240e+00 1.173380324672319119e+00
2.257111125157647002e+00 1.703009036175798130e+00
1.462583269966857280e+00 -2.900804402194516740e+00
-3.181575300947949714e+00 4.183492710013352323e-01
2.995643587551064968e+00 -2.697775125364671567e+00
-2.807356238891980382e+00 -2.066736413781543824e+00
-3.468261231576620141e+00 2.121388415856261922e+00
-1.828186111395035951e-01 3.498750277999906899e-01
2.180855180466430454e+00 -1.131311033823748424e+00
-3.873407143531082397e-02 6.839490796210974111e-01
-1.199226359103162665e+00 2.887498280259403138e+00
-1.127352714879321205e+00 -8.047312952874801084e-01
-3.826794327962960374e+00 8.701959627140087861e-01
9.976132587434172194e-02 -1.756717060977476486e+00
-3.127461261267748149e+00 4.510401101405729918e-01
-8.324677685776631364e-01 3.186434565901142157e+00
-2.494559397081203223e+00 -2.227577795188484089e+00
-1.535594190590934716e+00 6.302119112599315898e-01
3.632688460655113971e+00 1.603883388192370418e+00
-2.454308786756379313e+00 -3.438407592693315529e+00
1.798365405561272112e+00 3.764437919020590329e+00
1.905461330419027988e+00 3.918336064568617161e+00
-1.763032405921561185e+00 -9.098838706659506670e-02
-2.075022465909573732e+00 2.958114416270074543e-02
1.747268829762760767e+00 3.496688577480151494e+00
-3.141685806971752370e+00 3.143078784713738472e+00
3.449809187188775716e+00 -2.498053605980887326e+00
-2.329035991316406040e-01 -2.056991981309434614e+00
3.000649323467168728e+00 -1.921612188869103122e+00
-1.434678894262535920e+00 3.891597507546991075e+00
-2.799100075164950852e-01 -2.842564842876551090e+00
8.733831756174081917e-01 1.554786676096004960e+00
3.555630389930297675e+00 -4.078678966486073421e-01
-2.825202361071087687e+00 -4.651452005685809965e-01
-7.547685283504055320e-01 1.115953075893712843e+00
1.498558766821314947e+00 7.578159411743179419e-01
2.800935589179695206e+00 -3.338256639873428355e+00
1.172241795880646364e+00 2.830117953669653019e-01
3.300909308943128728e+00 -7.034659733783259483e-01
-7.719418746230219952e-01 -2.074079116083662910e+00
2.277531186791934559e+00 3.285377698704755822e+00
1.250101288281184608e+00 1.230993535722183729e+00
-2.969359774501390881e+00 3.731954212459081432e+00
6.958095292475237059e-01 -9.358772523440741509e-01
-3.777019242317744663e+00 3.720370434241252688e+00
-3.616030423180719211e+00 1.354657756907091226e+00
1.462926364105427091e+00 -3.064538997036835077e+00
8.585938174905729525e-01 9.574735013464756861e-01
-4.073367761074653259e-01 3.866638312280231915e+00
-2.648034111777894495e+00 -2.404665019311093666e+00
-1.254435632879120632e-01 6.570552581951778492e-01
-2.095242592201927323e+00 -4.960662231455614801e-02
1.806155134818203223e+00 -2.787454229543983253e+00
-8.751850119399344763e-01 2.954980619431983868e-01
3.174183895592863180e+00 -1.978032940049719635e+00
1.122336763015530536e+00 -1.603606016097335996e+00
3.786950912652276457e+00 -1.222871703530148402e+00
2.868513016204704336e+00 -2.741208311219883065e+00
2.832526438511600020e+00 -2.652874251597547861e+00
-3.312143083879877992e+00 -3.311781264386318036e+00
-1.729262062260822574e+00 -6.977121943545041560e-01
-3.250866258668452247e+00 5.733284328915546624e-01
2.122399458401114103e+00 -2.775949655181277009e+00
-1.241140075496603323e+00 9.566296702154906129e-01
-3.917743619068434491e+00 -1.066100035606760699e-01
-5.708674792764245609e-01 -3.283000058726770476e-01
2.280969425469136169e+00 -3.622291939902202884e+00
3.260046560847280617e-01 -3.312940840203818738e+00
3.046456530499685122e+00 2.038445901885335587e+00
-1.735097004732359061e+00 3.852125935310980687e+00
-2.965418663257413101e+00 -2.913860942133225329e+00
1.210020654957123298e+00 3.337471080143274982e+00
-2.460730033308594855e+00 3.117752309640533959e+00
5.783463767429353197e-01 -1.119915407348465841e+00
-3.657677924995224927e+00 3.544711557157135040e+00
2.432591683794971260e-02 1.238966486905709097e+00
-3.903506454261176373e+00 3.638065050819984769e+00
-1.575306487751468865e+00 -2.829548938712722617e+00
-1.252006340532902051e+00 -3.258194058594184206e+00
-2.947154544080430760e+00 1.048073479319842960e+00
-1.823431904502468726e+00 2.816107851985647947e+00
-2.587539910032345070e+00 3.299559433475338643e+00
-2.545986133230909054e+00 2.348248632502254019e+00
4.232600420825498588e-01 3.079234465265090925e+00
-3.899698215330513307e+00 -3.405694010574921826e+00
1.699569960566662097e+00 -2.414958369770435098e+00
-6.252212852579122071e-01 6.881996144730972986e-02
1.761796276582937359e+00 -3.696687362851462488e+00
2.282557003075590174e+00 5.267126704521913894e-01
2.648387309605964468e+00 1.933242388742812956e+00
1.155109188691231026e+00 4.727770380428797381e-02
3.254043717712084671e+00 -3.054029749379509440e+00
-2.516478639757640856e+00 -3.452137336127654166e+00
-2.196999124277257742e+00 -2.968676018153092677e+00
-1.105793608824216179e+00 8.003719059408131997e-01
2.827427494019653764e+00 -3.867843128889529858e+00
9.459860577438865548e-01 -1.781223486197590411e+00
-3.198257874532496103e+00 1.551582247719258234e+00
-2.621206167652459840e+00 -1.130516448044545541e+00
3.115209053873592815e+00 -3.381453705557304623e+00
-2.484703884472043711e-01 -2.357220350426832312e+00
-2.662216503548655133e+00 1.553996632116641408e+00
1.525878138369746395e+00 1.185153927376068062e+00
3.982962728749622094e+00 -1.881682883238307014e-01
-2.730500404323066732e+00 2.552691770679528460e+00
2.768513084009834202e+00 -2.008854107179141479e+00
-3.353885725084471581e+00 5.720169809779829251e-02
-2.158577612608682195e+00 3.123203601276117958e+00
1.678729132188051310e+00 2.782268031698680311e+00
2.851422030138810904e+00 1.971206776949030903e+00
-2.401737972035471458e+00 2.712549477362893313e-01
-2.483175229280838892e+00 2.936808657006135803e-01
-1.461077188821739092e+00 2.177190760425329330e+00
9.219331152945091645e-01 -1.263178467922623227e+00
2.882133094833402964e+00 2.806492779406663196e+00
-7.138384264891453057e-01 -2.376799706201545348e+00
-8.563521763954256016e-01 8.319383788288279291e-01
3.515674031979198588e+00 -2.469784732420945872e+00
8.814206733856293496e-01 -2.538343993548267896e+00
-2.777128978092847866e+00 -3.775740980532085622e+00
-1.028987967485424093e-01 -2.590126715400360879e+00
3.482494134425695442e+00 -2.861259616302029407e+00
1.743964313145744960e+00 -2.278848553805741695e+00
-3.328364006855479396e+00 -2.501703591172217855e+00
1.519266215426823941e+00 3.109099793858438154e+00
-3.267434864035222652e+00 -1.701804881755742294e+00
-2.382578614464154754e+00 3.662228776764721694e+00
3.652887126016523212e+00 -1.413612230687408378e+00
-1.321150366459251657e-01 -3.399018607556050675e+00
-3.353360865249212175e+00 3.755177703857343730e+00
1.822977426560534298e+00 -3.967258278261104998e+00
1.464598214066493931e+00 -1.693436659120181709e+00
-2.711622437600674118e+00 -3.311819213243109239e+00
1.554516232648789575e+00 3.783170793821866162e+00
-1.964122945569208412e+00 -2.272180161084266459e+00
2.648139744242826943e+00 -2.217837273952764754e+00
-2.126742549172555563e+00 -1.318978786004816328e+00
-2.986858567289648825e+00 2.729519297430432090e+00
-5.013638618632514365e-01 -1.846574272058398414e+00
-3.926325242182485020e+00 -6.624858462302078976e-01
2.855319421982978056e-01 -2.826949740235500386e+00
-8.194879344292615997e-01 -2.086859809509357788e+00
1.903388753999315952e+00 -5.109256798768067043e-01
-3.774037873932877041e+00 -3.782463656179133160e+00
-2.397665554548661149e+00 3.867451387816518427e+00
7.560902073260606926e-01 -1.102348358051467692e+00
-1.000849944812658876e+00 -3.602138942993915904e+00
2.612559977503463138e+00 -1.420766236704868568e+00
-2.489555327344602276e+00 -3.857985630065590144e+00
-3.071113211509221230e+00 2.346702373908083672e+00
8.850709401175427260e-01 -1.640166227368371032e+00
6.670561274057975609e-01 -3.650680984218893421e+00
-2.475248034788404716e+00 -3.011205331876365854e+00
2.951453390654296349e+00 1.317125708925133587e+00
-3.137595492198279601e+00 2.890535829316510430e+00
3.418813648107795089e+00 -1.569686071504588831e+00
-1.500765148976583419e+00 -5.675656874017134257e-01
-2.437685198221947402e+00 -2.420465180349043344e+00
3.410806341358703975e+00 3.012762245021423979e+00
-3.383759926405161877e+00 1.630835294502430699e-01
2.438071055603211690e+00 -3.683271311109225898e+00
-2.265428507973048511e-01 1.663878215958699336e+00
2.411825536714953699e+00 1.656464537706166418e+00
3.323160470282556567e+00 2.171556724021062479e+00
3.773883286639213352e+00 -2.288287059991334971e+00
1.923341982421200136e+00 -2.607728219758324251e+00
3.089918690390813794e-01 2.935228162614142988e+00
-1.095314025555542692e+00 8.976822704355402749e-02
1.897870232371157151e+00 -2.982290246821852620e+00
-3.149205325968797098e+00 6.534791424521859682e-01
1.670068200356346289e+00 7.179218173177863704e-01
-3.784201591437942547e+00 -3.580624621564261645e+00
3.320034594257155192e+00 1.764231490583232365e+00
3.972769242047605509e+00 1.121343017619584437e+00
3.255698532783275034e+00 3.746942155131177010e+00
-1.773127387296571378e+00 1.292002541964740736e+00
-2.759113186701214637e+00 3.213662093967894151e+00
-1.046891788511294052e+00 -2.779719969891744746e+00
-1.745679273219241878e+00 -7.121167442824658522e-01
2.086302637973409979e+00 -2.942057659721687202e+00
-6.174020931325205908e-01 -2.945327686586196592e+00
6.297780573008120442e-01 -2.020947748717770054e+00
-3.521482262222574100e+00 1.568118604922707604e+00
1.743339000804084549e+00 -1.437330070937003157e+00
2.110006937118926729e-01 3.556353610405287746e+00
4.071132968226880422e-01 2.853646192146972460e+00
8.640077336115199458e-01 1.802272441190223340e+00
-2.801011195890053429e+00 -3.880718580029251186e+00
3.314870082286327957e+00 -3.573818480044131718e+00
2.884896330854608948e+00 2.556684657229328472e+00
1.080003292501912071e+00 -2.316470878872468830e+00
1.769778685518915040e+00 -8.594245548703582926e-02
-1.824128022106147995e+00 2.121012587658647419e+00
5.223610198883141820e-01 -3.858145268142127549e+00
-2.744758803912431766e+00 2.640837956174846290e+00
-2.066700331388129364e+00 -6.738135354519947384e-03
1.395781278950543047e+00 3.342616956799857597e+00
-1.428956176795700195e+00 -5.438536244364211569e-01
-2.072773786617614356e+00 -2.776092489377257166e+00
2.682977855115263210e+00 -1.577039799801140063e+00
1.798076723079215178e+00 2.822309729555327884e+00
-3.031338162533649516e+00 -3.523817216026496446e+00
3.238130344647985659e+00 2.909415656332062561e+00
1.436736296151434722e+00 2.532641885206109222e+00
-1.201636997284252217e+00 9.921536609738526025e-01
1.284354634860730648e+00 3.743828208945258140e+00
3.230527130188561635e+00 -2.823228141708999495e+00
-3.717084319816211568e+00 2.382788947334334217e+00
6.322856297707764028e-01 -3.769275928009040655e+00
-1.684374662641335618e+00 2.929144312625675539e-01
-1.720347531197974789e+00 -3.468767903979954603e+00
-6.818017679121277652e-01 6.155590224441356284e-01
-1.535199090387543208e+00 -1.692111430533653760e+00
-5.252273009156356309e-01 2.596856492072491029e+00
-1.984673075068929649e+00 1.040943333007363414e+00
3.335947696812250562e+00 -1.304830087768046987e+00
3.419517861426974115e+00 2.910347738407947027e+00
-1.658906346892695005e+00 -7.579492610635618632e-02
3.434272239063176357e-01 -1.624985121105218866e+00
3.436613696777719440e+00 -4.818963655793933043e-01
1.902216092189028096e+00 -2.305199384136678020e+00
2.799512142543228777e+00 -2.866840317055650900e+00
2.081818142234057589e+00 -2.166422119766729715e+00
2.243737362464967688e+00 -1.591057133652867606e+00
1.521416089626708157e-01 2.321507784698786381e+00
1.327287245900128809e+00 -2.488585180218382042e+00
2.496761911349905994e+00 2.276145019354875565e+00
-3.507955171348573487e-01 3.159500446032562415e+00
2.716477543880595924e+00 3.746413445249071827e+00
6.317783677437427414e-01 2.220995158230381072e+00
-3.407035170836856253e+00 6.279701132541379849e-01
5.058673061393879067e-01 -1.836779711639644042e+00
-8.353785727147124973e-01 -1.645481693359606368e+00
3.821651063587188979e+00 1.097239787423530899e+00
-3.423663719045052289e+00 3.166800280490018160e+00
3.040929525943495193e+00 -1.582428122753723798e+00
-1.317192470653274050e+00 -3.179597792512445231e+00
-2.126659349675318111e+00 -4.806644530782655522e-02
-2.511503304460253716e+00 1.285565253219790094e+00
2.513420697529286763e+00 -3.312615357914671321e+00
-1.489018679657054811e+00 -2.739664540153595951e+00
-2.387548755478091422e+00 -1.135179518439155544e-02
3.177709613569604130e+00 2.898196935504859795e+00
-3.593001570249265697e-01 2.926738688865618165e+00
1.703974257630354927e+00 2.312197075988484229e+00
3.968504176086631752e+00 -1.771713068167626304e-01
-2.573195303324810723e+00 -8.802835119294076804e-01
-4.661290005141758286e-01 6.540892267045208541e-01
3.475570326601591375e+00 2.315709769514300298e+00
-3.778232500602377364e+00 3.354165948354239646e+00
-3.289843138413754531e+00 2.859249831215855409e+00
1.603077912177648834e+00 1.552217793429763404e+00
3.946206964671575612e+00 -1.640707739018863798e+00
-2.100580718622315324e+00 -1.038599842618196156e+00
3.012715861470633527e+00 -3.563496762944731167e+00
2.985527256406819596e+00 1.876736307579530028e+00
-3.046099518525469563e+00 9.918590036375931618e-01
7.898899495501172652e-01 3.899989235264608389e+00
-5.010384476933733566e-01 -2.374710658850434086e+00
1.926397648467674806e+00 -2.041214482399609231e+00
3.547117984998624962e+00 2.141777346625416634e+00
4.941726365715304325e-01 3.165950513588491333e+00
1.241633203204503211e+00 -3.380897926528537489e+00
3.925350944015242760e+00 -1.642043309167103615e+00
2.970121134833809684e+00 -1.341339740989063500e+00
-2.063389504131274421e-01 1.999568291246876406e+00
-3.431116529275890947e+00 -2.435471295411618442e+00
2.972630141857248276e+00 1.837632401870497922e+00
-1.875917842381130463e+00 -2.750568388389429408e+00
1.198878629021735698e+00 1.528804753883766132e+00
2.986216233432332778e+00 -5.629604599932456210e-01
-3.321620519534265625e+00 -2.000472798563071031e+00
-3.514856536510698071e+00 -2.660637580492472232e+00
-6.887554617022573211e-02 -1.428199472771134459e+00
-2.147784170335713227e+00 -3.708622558299716765e+00
2.096226235094519552e+00 1.195951476294769833e+00
3.906060849566492799e+00 2.511100164615238661e+00
1.857139594931729754e+00 -3.140152132688324826e+00
2.681983886174356790e+00 -1.367558871452113856e+00
3.355817846381521363e-01 2.002729355854683924e+00
-2.478041251752244989e+00 7.058085114180228103e-01
4.504495718823475769e-01 -3.557685788231370161e+00
3.084386558562488112e+00 -5.957511601886134045e-01
-1.068122827069473146e+00 -2.416352993866563992e+00
-2.123536016743624799e+00 3.003033159887769976e+00
2.923829431617716246e+00 -1.754054484856818696e+00
2.302596089900036169e+00 6.137650361292470436e-01
-1.117962761312333519e+00 -2.998498834659200973e+00
5.968635493373515288e-01 -8.376824138289773458e-02
-1.631741164255751109e+00 -7.457396832118723395e-01
1.979911559249752706e+00 3.667907096555170554e+00
-1.284658561566891066e+00 3.286623018974531796e+00
-3.828386405067991660e+00 -3.943262483486376979e+00
-3.204750271426668462e+00 -2.266675677799705468e+00
6.105929701477208482e-01 2.110404807614337130e+00
1.012546893801252068e+00 2.320013930980924677e+00
8.091599767508457219e-01 1.822239811369069429e+00
1.730687199781187680e+00 -1.703580281711388977e+00
2.937613149490507780e-01 9.133126891594107732e-01
1.129118317281906592e+00 -3.976148535329525835e+00
2.556978700792797987e+00 2.315244818964068862e+00
-2.789456634668002977e+00 3.009565102932708847e+00
-2.710608293334054508e+00 3.158738867383238613e+00
8.467372192402544684e-01 1.234858438217562693e+00
-3.863795823221092718e+00 -4.634644723646523801e-01
-3.519034682466219977e-01 2.014915497109805997e+00
3.123327388547647132e+00 -3.371784637006859597e+00
2.927803793163874957e+00 2.695376114510307453e+00
-9.685001890290116933e-01 -3.751427582111318770e+00
3.614772736269848075e+00 7.543844919064479626e-01
3.565298676227781627e+00 3.503728389413130806e+00
-1.562883471046561112e+00 2.365171235566501551e+00
-2.206230805008928542e+00 -2.497400643336594506e+00
8.507718440618523559e-01 2.191502678514275715e+00
4.845495750261585854e-01 -2.440189283268336951e+00
2.367039928580344288e+00 -2.541115382551327073e+00
6.444722776521718544e-01 -5.802578949401242525e-01
-1.698542017680995109e+00 2.717012535517072891e+00
3.779923361610347143e+00 -1.883755913116948122e+00
1.634298455168888609e+00 -3.091188999128038795e+00
-1.365416638737946720e+00 3.626635049544035816e+00
1.835929248053843388e+00 1.562288925525683325e-01
-3.940173399532804765e+00 2.939545555297113921e+00
-1.046224315548426098e+00 1.548671680755413504e+00
2.976779421174382101e+00 4.151093736298845371e-01
-2.767347270303520901e+00 2.953148849218880656e-01
1.747214540353838608e+00 -2.859862858954018705e+00
1.927743002554436202e-01 1.156655673318486954e+00
1.132672729851225135e+00 2.216951324343948038e+00
-3.741096056305532436e+00 -4.871281604616601868e-01
2.772070634800529731e+00 -2.889937699263643189e+00
-1.128980637567516432e+00 2.399851677240481429e+00
3.646388923502003721e+00 -3.762088343100828070e+00
-1.261252749714196320e+00 -3.432274332577985199e+00
-2.617340881675795927e+00 3.647164951027619395e-01
-1.814784010113747570e+00 -2.987329174059421000e+00
2.176295102675490867e+00 -2.306789567534219820e+00
5.579218609025460296e-01 -3.173550147808360755e+00
-1.544178988015264764e+00 -2.233415775852574114e+00
3.397815675211890429e+00 -3.516348621399667529e+00
2.499716047930538920e+00 3.354029843765481189e+00
1.854526070860669229e+00 -2.801312570181165640e+00
-6.515442434768807800e-01 -2.978353707271745421e+00
1.854737998856641035e+00 -1.715155741253350463e+00
4.336163082005306535e-02 9.669409829498807341e-01
3.688419453839895112e+00 1.421915172926798476e+00
1.808712296024227228e+00 -3.374143299135002216e+00
-1.120527666288972490e+00 -1.380125692159930750e+00
5.461015931868784534e-01 -1.775036157295613037e+00
2.208200780951790065e+00 1.574967197655827711e+00
-1.064246644464396319e+00 5.418313446615208306e-02
-3.933838390297878185e+00 -1.973363466368159180e+00
9.325845108629282620e-01 1.627789521232273273e+00
2.870508038265977113e+00 -2.252205959793531775e+00
3.521669042768772684e+00 -7.667367168899641428e-02
3.146227266854629612e+00 -3.834398130857511688e+00
1.793701589655684714e+00 3.216734843863760851e+00
1.047369159755378476e+00 -6.247493631396876523e-01
3.854493026158801072e+00 -1.704235050759979053e+00
-3.634047014142278265e+00 -1.523988836167836425e+00
-3.720392060686293689e+00 -3.771702881743840940e+00
2.209338640274749466e-01 3.014081564132076174e+00
-1.188740928855787082e+00 3.676082850976849059e+00
3.865128301317897197e+00 9.330640773609042427e-01
1.472065486610443230e-01 1.763055317946221834e+00
-5.824213816210193073e-01 5.210144262645259872e-01
-2.103184914411146522e+00 -3.734768681739722318e+00
1.689900696440574279e+00 -2.584908769523689642e+00
-1.575558394471832102e-01 3.445412175783248543e+00
8.992964344168985491e-02 -5.194863047113233989e-01
1.822047616076452492e+00 3.228780827377807583e+00
3.845186135386181370e+00 -1.559537495647626670e+00
1.328816915563982626e+00 3.147239111784168486e+00
3.986299534705285197e+00 8.151284478213742801e-01
-1.275012720216327722e+00 -2.882330356574627217e-01
2.823189099418034864e+00 -5.233572434300466369e-01
1.407589752103132419e+00 1.945647296257769554e+00
-3.497549041465145336e+00 -2.186495987514367911e+00
2.313845676546199215e+00 -1.943320574097943343e+00
1.296964725533591434e-01 -1.358195813728190871e+00
8.829850670772998456e-02 1.963170280644551902e+00
-6.229367300586794443e-01 3.747106185635338704e+00
-2.928203001133764083e+00 1.668475366780110214e+00
-3.221575360674808763e-01 -1.695776836732969528e-01
-3.361493466322347246e-01 2.080146153064414527e+00
3.224512489226257550e+00 1.627792794936482323e+00
6.992179064765950969e-01 1.462665168402963900e+00
-2.596551070886342849e+00 1.588063095721089724e+00
-3.778081717621102342e+00 3.178019837610713161e+00
1.427544186974420093e+00 1.811139916193832633e+00
-3.568495318721153886e+00 -2.076091466036291244e+00
-1.912484992987038446e+00 -9.967062502594394857e-01
2.793595604669155463e+00 -2.060933631905649044e+00
1.185112225511022466e+00 1.731450150406460331e+00
-2.926852742537200847e+00 1.504566377267764210e-01
-1.810889584082263859e+00 -2.206383996125031999e+00
-2.592813825842100073e+00 2.910446832256991634e+00
-8.207988966363695127e-01 4.292015864592748642e-01
-1.072966929814690218e+00 1.247176874652025091e-01
-3.451251540823658814e-01 2.892421074055715913e+00
1.535260598873403382e+00 1.287657827390514598e+00
-4.651086934261376982e-01 -1.208856886933856956e+00
1.824093768381726655e+00 -2.468472464167984270e+00
2.523085599828441161e+00 1.147796279263920916e+00
2.359726239570985484e+00 -2.066399121096335278e+00
1.308733132459494186e-03 -2.911457442851514088e+00
2.084116321379126724e+00 -1.110475651525768548e+00
2.828916259148878787e+00 3.075013772384172839e+00
3.582726809434910287e+00 2.300683920974844199e+00
-2.002245226551495172e+00 2.000416869120861030e+00
3.007220065008310073e+00 -1.658411039549159582e+00
3.983786265600235410e+00 2.177371948202903695e+00
-3.372799175970792263e+00 -2.368033730384834890e+00
2.545776437882786070e+00 -1.389121601343371815e+00
-3.241120927277346908e+00 3.483853648745040665e+00
-4.383726013570115043e-01 -1.122149864112262030e+00
2.810097160992481413e+00 -3.929323532276964848e+00
9.467647192646602150e-01 2.603765520106632536e+00
1.424103248241242348e+00 2.735004003457813582e+00
3.909903523596954145e+00 -3.300518734711074487e+00
1.686512916827981101e+00 -2.056046913070298743e+00
1.072907117963314505e+00 1.332767575497648238e+00
-2.332931197492955633e-01 -3.135805169190984287e+00
-2.581277845190740550e+00 -3.477064436265653313e-02
-3.593370869678866875e+00 -3.723933464594351150e+00
-2.183174813601498343e-01 -2.429711300229294935e+00
-2.577588640610032122e+00 9.931955145339239621e-01
2.985539103168481034e+00 -3.523933490910364341e+00
8.861807405243116165e-01 -3.655435081576373868e+00
2.606981475318392860e+00 9.899161923164312427e-01
-5.990914827100102258e-02 -2.303690130398289959e+00
-2.146671654110877903e+00 1.237121138765630235e+00
-3.234749088133043848e+00 1.314067603898342540e+00
-3.895950841965755806e+00 -2.403027677292175923e+00
-2.423809108224032727e+00 3.292110722045882731e+00
7.965150770532387625e-01 -2.458751731384304584e+00
3.800924119869473650e+00 1.740406039245739223e+00
-2.912235077135331807e+00 7.462714596159054636e-01
3.689287981345473533e+00 1.327612479755139852e+00
-2.912877826586441010e+00 -1.185798357934363167e+00
8.253021659415908928e-01 -2.648256318979225199e-01
-1.986152143009476845e+00 3.362320830507879776e+00
-1.919774481159043589e+00 3.830558608897892015e+00
3.767680447447719239e+00 -1.386762841774197064e+00
3.432858360353125526e+00 -1.755094328404688930e+00
-9.201014427452260946e-01 4.176400812294360776e-01
3.942598541489248376e-01 4.368950894951399988e-01
2.786313567151124992e+00 2.190641622499056140e+00
-3.737905723154879567e+00 1.399444716706933711e+00
4.443047777019781819e-01 2.682739595917785103e+00
-2.625681360977671019e+00 -3.262818958334958275e+00
2.178447231289165842e+00 -4.399043461218941076e-01
-2.599228318077688726e-01 -3.794343352677125303e+00
-1.666215072715941936e+00 -9.492887603544675201e-01
-2.746048569991077493e+00 3.306711630252894274e+00
-2.616375002809985695e+00 -1.516653434818040047e+00
-2.005365666491893961e+00 -3.632828613226085857e+00
-3.233325771609232291e-01 1.428982435567967890e+00
-1.354845070874180379e+00 1.412359680247256222e+00
4.967087328346915243e-01 4.944543938677847805e-01
-2.400928054858220584e+00 2.465708179436589376e+00
-4.310228098703525745e-01 1.092530975136015492e+00
7.594901914747449467e-01 7.384822658327294675e-01
1.098093968127288100e+00 -3.680020803747829916e-01
1.088593772073160437e+00 -1.774207612226021524e+00
1.032524349879039960e+00 3.839447134050309351e+00
-1.328472430748741218e+00 3.522226612801811818e+00
-1.555521790523658687e+00 -1.182027023086850370e+00
-3.122056911186428252e+00 3.726658258577861815e-01
3.286269931619322904e+00 1.912454753325578238e+00
1.798710155326921800e+00 -4.681232917374531510e-01
-7.973469562971118307e-01 1.063158743455923982e+00
-4.366046915715919852e-01 -9.220410387408364272e-01
3.998145697929205156e-01 3.734473097216447712e+00
6.238597652038953001e-01 1.712058958454530710e+00
1.789591598676261164e+00 1.922915957387637320e+00
2.765654996098318996e+00 2.354115383666584016e+00
-3.631521632947599443e+00 3.270018566435354934e+00
-2.173917134739372869e+00 3.695311605277851186e-01
1.866503757412360187e+00 6.323052547272229873e-01
-3.710320195533825860e+00 -1.709663903193654910e+00
1.639316981399242756e+00 1.139861151402951300e+00
6.516741568944706131e-02 -2.377355455248045146e+00
2.014504446200824361e-01 -2.543463144911113361e+00
2.452428216874407596e+00 -1.138206136074790820e+00
1.054001689350021920e+00 -3.401436385613693325e+00
2.881412830485612808e+00 1.515398682492590687e+00
-2.377723387964225665e-01 3.500444435601977489e+00
1.522141969809512219e+00 -2.188068834137236962e+00
2.191972421154606998e+00 -2.639707195820520269e+00
1.656277505212718992e+00 -3.064453183827771099e+00
-1.857475619260251065e+00 -8.574278596198228186e-01
6.332136680545961127e-01 3.625151954410155142e+00
-1.202857908894961803e+00 -2.587686306125442925e-01
6.661099981803264569e-01 2.624274092865408470e+00
-2.459356876569078310e+00 1.846179500074086377e+00
-3.977883051314928586e+00 3.790559444446858883e+00
-2.406246037684169892e+00 -3.085330145431624871e+00
3.742471613484691595e+00 3.148247291621964372e+00
2.282436787009852530e+00 -2.079822711396495549e+00
3.230125962473981538e+00 -2.186027537193164783e+00
-8.791463605932330339e-01 -3.806805616660350111e+00
-1.141696548581192516e-01 -1.726179228741298033e-02
3.104446874709379856e+00 -1.406759572456702578e+00
1.192789653394219052e+00 -1.463477716881720347e+00
-4.190462810828119444e-01 3.183696983140445802e+00
-5.882307909958548464e-01 3.820471300411258042e+00
2.310178267256632445e+00 -4.636337083722414931e-01
2.854755660362100045e+00 -3.978779234908189189e+00
-3.909072319973858178e+00 3.579247514952125897e+00
-2.589990593998066082e+00 -5.622664710526983356e-01
3.268092118402179835e+00 2.728396714575195503e+00
2.613217208136807912e+00 -2.018137684944043997e+00
-1.607859769934115945e+00 -2.313196761173561988e+00
-2.498813745107807627e+00 -3.137097807798703286e+00
-9.396281790862159866e-01 -1.343040239016541015e+00
-2.799846191160818343e+00 1.516795671630172038e+00
5.088973988602925047e-01 -1.021075465735945542e-01
-1.048416342734062034e+00 -3.802772161950608520e+00
1.007327287495846768e+00 2.484940111624379000e+00
-1.204682279245217202e+00 -7.480809825405518865e-01
3.130144266860377833e+00 1.253062374031168602e+00
-2.916852253777018511e+00 -1.228128079651900961e+00
1.220158601669173670e+00 8.643319780012159725e-01
2.422599512353672324e+00 3.407709204295859884e+00
-4.280731406257265448e-01 4.220619397891498537e-01
-1.540121427006397425e+00 -1.464172960334040319e+00
-2.866498609291347144e+00 1.772598965264865711e+00
-2.015636090427386229e+00 -3.107603017702818882e+00
-7.109299747019406368e-01 -2.789611834029265935e+00
1.523784535536512053e+00 -3.524947904309876812e+00
1.776867215921620335e+00 -2.065089278487004520e+00
-7.507070002087603555e-01 -6.133267679769573988e-01
3.391782314191290837e+00 2.535019425302462714e+00
3.022188176813238591e+00 3.210256268318097739e+00
1.131025278947465296e+00 6.116601656507159035e-01
-3.326046242031695854e+00 -3.499635763918160336e+00
1.851129925429293444e+00 2.320583997044044722e+00
1.173278284795863158e+00 -2.595052785181698241e+00
-3.177190687564291238e+00 2.879309299526114252e+00
-3.393210440436950748e+00 2.274474060678332243e+00
1.994537811115116632e+00 -1.335167876964910683e+00
4.807768458091716823e-01 2.760521116011766196e+00
2.174431847720346589e+00 3.640616873336797177e+00
-3.468263619412776499e+00 -2.005671589071870820e+00
7.794521646685677041e-01 3.394234208404300901e+00
-1.654091508418424894e+00 -2.432159170371539503e-01
2.275103145006246663e+00 2.734274097554750149e+00
3.870309218913289939e+00 -3.007674463284477184e+00
-3.692030208403858538e+00 -1.692385129989343540e+00
1.870083973207340655e+00 -3.052425795474327685e+00
-1.225521062604508771e-01 2.607251677809465207e+00
-4.577609283442765076e-01 -2.033976635877311701e+00
-3.662415880288634185e-01 5.874159018929185905e-01
-5.714031862202189060e-01 -1.379302775563422401e-01
-3.679879577076168751e+00 2.894154645219570554e+00
-2.630742850782487707e+00 -4.547099881557601364e-01
-1.723166130854122180e+00 -1.229215879499093944e+00
-5.223752014447136105e-03 -2.533313176391168042e+00
-6.881756259727804803e-01 2.581354318828230632e-01
-8.194055451934465495e-01 1.741800826731597418e+00
2.075286832754336785e+00 9.663439168493983544e-01
-3.666313521376217466e+00 -1.769588659271225772e+00
-2.531457980166746502e+00 -1.766248348681916269e+00
-2.070261678187207188e+00 3.548258319368920333e+00
-6.957767341743323897e-01 6.015106444311273393e-01
-2.081507234908136716e+00 -1.518707012094168363e+00
-3.273029436901531142e-01 7.584740024331910746e-01
-1.665598614601918825e+00 1.938424450911337971e-01
-3.730422229219001906e+00 -2.902428193266919365e+00
1.582327021714791115e-01 -1.415178910986262473e+00
-1.896594378410982884e-01 2.337108815255720451e+00
-6.379726890636820968e-01 -3.021488333555950589e+00
-2.142921589661851201e+00 1.578061516959368582e+00
-3.817339133630223813e+00 -2.739670314793974271e+00
5.426358452869068927e-01 -9.758662216801194944e-02
-1.591139267770094179e+00 -1.915302409865914157e+00
-2.504898735508106711e+00 -3.115490416185407341e+00
-3.928888448508757847e+00 -1.563694937909192006e+00
-3.630939403003300647e+00 3.771301541906546539e+00
-1.944827116577281245e+00 3.089268273122136144e+00
-3.078370478165208368e+00 2.534669818491455118e-01
-3.144734170664721162e+00 1.940684004563779652e-01
3.449538075643445723e-01 4.575912439589178149e-01
8.684484176664764021e-01 3.247116819468794269e+00
1.179990759074553530e+00 -1.162891842246782659e-01
-2.383815012055149118e+00 1.888581224561130867e+00
-4.856087161367268479e-01 2.397049705755086357e+00
-2.512431483131165599e+00 7.608894648248680781e-01
-2.489854067885871380e+00 5.344689348078057733e-01
-1.723518253829076308e+00 -3.909178586291677249e-01
7.859449223053101008e-01 2.230571737806169352e+00
-2.432690003019611247e+00 -3.187560940802148579e+00
3.677769097835111189e+00 2.145442723594859658e+00
-2.998382186575748953e+00 1.108059567608238538e+00
-2.669114968207895622e+00 -2.257218570293054505e+00
3.628803004598267101e+00 -8.440653909172963765e-01
9.368481272511042235e-01 -2.975851946630176492e+00
-9.941533445427808147e-01 1.461702228210057797e+00
1.982248742189390178e+00 1.234614033345238227e-02
2.451326318431319429e+00 3.802574924628916442e+00
-1.308966296838034005e+00 -7.759955686861754742e-01
-1.729393032810630615e+00 -1.679857650351105569e+00
6.501343935171703947e-01 2.189030746701364549e+00
8.798189381000804943e-01 1.568983273418282920e-01
1.740999777820293026e+00 -1.765062178892120137e+00
-1.835049626832120140e+00 -2.001085263247870394e+00
-2.327230208302557557e-01 -3.682178245136011441e+00
-3.665486680637354056e+00 1.217118897191050486e+00
-3.570857032099719497e+00 -2.336866519781622742e+00
1.025964145927554583e+00 -1.375007674710751360e+00
3.965007299603010793e+00 -2.004112025686857201e+00
3.773924579505728794e+00 -3.508090847335754603e+00
1.761897019962683331e+00 2.448274163993502839e+00
-3.571313621747127520e+00 2.103725384313878344e+00
3.641899250998807958e-01 3.016934785294752785e+00
-3.290040848228219517e-01 -1.459519491104655842e+00
7.137679992733154677e-01 -7.496364012734568760e-01
2.605685642012327108e+00 -1.658290015585211385e+00
3.999651729224886765e+00 3.071339007296796098e-01
9.224887969379498287e-01 -4.865320092263649698e-01
5.312761260884402148e-01 1.608957057893916520e+00
-7.630955449180794048e-01 -2.606698628444847898e-01
-2.021287644455814103e+00 3.615235978587417520e+00
-1.548249253339026410e+00 5.821910925454965025e-01
5.050644045214696121e-01 6.862396038187146274e-02
-3.869163890131737560e+00 -2.245752951647254747e+00
8.730710782300716843e-01 -9.279704859629962499e-01
1.030111563766125116e+00 1.760967077355259924e+00
3.276832047730216857e+00 -2.824863144266894111e+00
8.926525587559428487e-01 2.837707241883272502e+00
1.459692242828224629e+00 1.967896246207859079e+00
-1.100078909193634935e+00 7.047988240799254456e-01
4.228282812388135525e-01 -6.808305115293640242e-01
-3.573544827388307255e+00 -3.377738613931520639e+00
3.205836430029848749e+00 3.228014932552459193e+00
-1.885525568158655574e+00 -1.615503972024180612e+00
-3.426881595845947537e+00 -1.305787065941954594e-01
-2.253904425156001423e+00 -1.177438607998618103e+00
-8.001248324962899616e-01 -3.396065889239671343e+00
8.186425114557120963e-01 -2.562484840209489079e-01
3.308924418573884196e+00 8.667595364416671444e-01
1.280976480101455373e+00 -3.561947836228291031e+00
-3.345233544106511303e+00 6.868619535563311729e-01
-2.102133303101511252e+00 -8.474710545219945601e-01
-3.546767918351312332e+00 -5.120124497426941090e-01
-1.866867646229755096e+00 -3.441522903245496146e+00
7.196408262501599040e-01 3.710514495634974708e+00
-2.126503143037756338e+00 2.600438810225831787e+00
-1.832838685549083024e-01 -1.329732513963599594e+00
-1.933897114744556056e+00 -2.496587091301293526e+00
-3.062124754718179354e+00 1.716129647848827489e+00
-5.215989718620059890e-01 1.245343624140469174e+00
-1.483084141619750440e+00 -8.914808536049108056e-01
-3.551756695878765413e+00 -2.646885221072055039e+00
-3.765064640418496644e+00 1.970530615860409895e+00
7.642064865046815925e-01 2.445228664764069748e+00
1.264813108419975407e-01 -1.440948716124639262e-01
-2.776234918484674630e+00 -1.017413938841140286e+00
3.759778984357507348e+00 -6.335981617563435364e-01
2.700503486378506679e+00 3.698644873395911858e+00
-1.795222633790695355e+00 8.684029857483466230e-02
-2.050935458962612756e-01 1.529735594260133169e-01
-2.476179189223739030e+00 3.567974079319123248e+00
-3.527358476383746222e-01 -1.991777790649830848e+00
-2.736720723153472257e+00 1.963899158061972905e+00
-6.094659176212413598e-01 1.325825234440388911e+00
-8.733482236722114322e-01 1.906541625246589433e+00
-2.969928576393015440e+00 2.673729703882221642e-01
-1.644125677029548704e+00 -2.465430866348674144e+00
-1.237310953665997637e+00 3.528964012806304673e+00
-1.270073434995590667e+00 1.739611338632987447e+00
-2.249649908226190931e+00 -2.838762677748308150e+00
-3.366448114888815013e+00 -3.218917485783645560e-02
-3.122816970950505144e+00 2.088003382123960527e+00
2.665575024764610390e-01 -1.336554288741727881e+00
-2.231546221594655321e+00 -3.876470001059979076e+00
-2.266371779151922006e+00 -3.215961528035938599e+00
-1.257281333657454425e+00 3.810471041447254237e+00
4.668086983790376010e-01 9.412086122889764539e-01
-3.999244168954138701e+00 2.657828900333238487e+00
-6.924992322774370379e-01 5.646473017539337391e-01
-2.644537432246449882e-01 -1.268152668652361648e+00
-1.922026414268729333e+00 -4.045128760831842030e-01
1.320305789807463270e-02 1.268131764737514544e-01
4.311736076683585495e-01 -3.688478737271040586e+00
-1.448390982978758679e+00 -2.407211435777116826e+00
-3.617872525427685559e+00 1.575177300870381103e+00
3.225467853156664511e+00 3.690991418278347425e+00
1.091514841129296087e+00 1.412904435388242064e+00
2.804898639169200791e+00 2.445087470066941826e+00
-2.316668135637978132e+00 -2.020343970307028947e+00
1.851912183467030459e+00 3.842572701860404116e+00
2.677649839145783695e+00 3.065257497924104513e+00
-1.724434394014867422e+00 -2.146964750272475797e+00
-1.003517472811702227e+00 -1.697380187525858730e+00
6.361564721493806474e-01 7.115014399041186266e-02
1.563872096119280464e+00 1.217728268367257449e+00
-3.088314061686698864e+00 -2.053544166490678613e+00
1.137318518119165844e+00 3.906385732425338375e+00
-1.559052774174939593e+00 -3.337963642977896939e+00
-6.510456291468091905e-01 2.355258366421999483e-01
2.592285706243485421e+00 3.942628998623368908e+00
-2.474731138899919358e+00 -3.032790839950776807e+00
3.211073902534828051e+00 1.761010264503583223e+00
-2.976786400160124302e+00 1.367963455063175182e+00
1.773051730774225732e+00 7.405504543481820079e-01
1.744400305763364578e+00 1.828592614748491663e+00
2.364365457708520246e+00 2.568841896891155052e+00
-1.992112670423109577e+00 -2.626290975224652158e-01
1.833270081381327188e+00 -1.126989833573747823e+00
-3.499553177467823240e+00 -3.477993968713092521e+00
-1.992543865479552423e-01 -6.614050912751405775e-01
-1.715325615022478267e+00 -3.683120830536823043e+00
-2.342036809677718878e+00 -4.695542326530839361e-01
-1.277593349884686980e+00 2.178904836691875069e+00
-2.937560718762894929e+00 -2.614051985325814620e+00
-3.398986844794156248e+00 9.653261763222724667e-01
-2.009206505353517969e+00 -7.101172285446208932e-01
-3.174755128046948371e+00 -2.085146552230384032e+00
1.791889533783327160e+00 1.707429943072848566e+00
1.821606980676904186e-02 -4.073064474516998601e-01
-8.099933891687349785e-01 1.442098515392100211e+00
2.903360989085845389e+00 -2.934409193668224169e+00
2.931706102161522942e+00 -2.034893814167048731e+00
1.000965607846528549e+00 -1.648225778663984897e+00
2.973074955491604499e+00 -2.323649616305106136e+00
3.027807390203264504e+00 3.187479526628838045e-01
3.069977997082966148e+00 6.315151255429540811e-01
2.679422029343676570e-01 1.445215227981154094e+00
-1.796351962954003234e+00 -2.955967296575607861e-01
1.485388804121500428e+00 -1.759640915411362805e+00
-2.853858173919835650e+00 9.625134606242768953e-01
1.150943367789118099e+00 -1.673522324717810150e+00
3.594166161599535947e+00 -3.915422978499713658e+00
8.703623023240920631e-01 3.978282074447924366e+00
2.338176797624686110e+00 3.128119025277508847e+00
-2.815079399974040442e+00 3.702010306558602970e+00
-3.412245817962686445e+00 -5.481643890576366474e-01
-2.434692955520143975e+00 -1.684429755033101550e+00
3.593571749552194383e+00 2.484369201795622928e+00
-1.059508553287368926e+00 -2.456805843933922873e+00
2.065013812727012343e+00 -1.418346909509678788e+00
-6.223206662913032261e-01 -3.357804505592549837e+00
3.749404125816528932e-01 3.144565858911851031e+00
-2.938488485241969705e+00 -1.664714319194123604e+00
-1.320802203346378434e-01 -3.313021587925618405e+00
-9.740284617458048189e-01 1.161944690484293830e+00
1.340409855201429856e+00 3.521069835615485033e+00
-6.854505521543403646e-01 3.351692918348749828e+00
2.939759592845448744e+00 9.475943720516362134e-01
-1.780857240137887487e+00 1.040778199733408904e+00
-2.832274184737605616e+00 -3.067432650891772639e-01
1.365766879070061002e+00 8.580734013088147094e-01
-2.034922126150743971e+00 -7.927384089002229572e-01
1.877666615300153552e+00 1.313047842664960996e+00
-2.217027485836158718e+00 1.318575268940618272e+00
-1.841071906656140733e+00 -2.004852690570925411e+00
2.062885930063490747e+00 -7.482398561866530073e-01
5.005820333601267436e-01 1.261042547376044709e+00
2.708370974836607381e+00 2.808996424356475785e-01
-1.139284838035349523e+00 -7.481171289990831141e-01
3.159562236346130426e+00 -2.454592201836194754e+00
5.751835010864114750e-01 -1.763988322990633684e+00
5.856119945801907534e-02 1.573516524633963520e+00
3.607762338780768019e+00 -3.738646796466014166e+00
