-7.959054812627524456e+00 8.417996071079961951e+00
5.289820292085176234e+00 -4.237252435679748075e+00
9.726681499719568080e+00 3.603143443582634831e-01
-4.411861476487619171e+00 -8.698878587818775543e+00
-2.433885208469583894e+00 -5.069036716151735789e+00
-8.399369880810588995e+00 7.080560629560533670e+00
-5.373756669367120153e+00 3.438139623217512764e+00
-1.772761394354251507e+00 -6.901459697806338056e-01
-6.067239652309286413e+00 8.341536760135959128e+00
5.892851135652975358e+00 -4.628479654848353775e+00
1.536946639922360802e+00 -3.788227490151374610e+00
1.354265152611482392e+00 -8.644213927793684249e+00
2.926290028426450363e-01 2.080607675470924178e+00
-6.839267746972808482e+00 9.781105731811294390e+00
3.792023700465279035e-01 -9.376064077407260555e+00
-1.190120175351150777e+00 -6.528311103182233843e+00
-6.227673861862403903e+00 -4.509394266514732408e-01
9.939838406151832118e+00 -8.639848374561031719e+00
5.622020018075978953e+00 7.397147681105071371e+00
7.911107237770131917e-01 3.207349727528649552e+00
-1.620628124718033192e+00 5.823134397303364906e+00
6.144342265874374931e+00 1.869814369562035949e+00
2.896133483857909141e+00 -4.863668498699214027e+00
-5.671994599462133024e+00 8.123421356511585145e+00
-8.110513444131120409e+00 -1.787794349593276877e-01
-4.901760882835477062e+00 -6.158139331036922570e+00
-6.192364794002571671e+00 -6.258013556412675982e+00
5.202489038925740772e+00 -7.793649447053430102e+00
9.427500186661713855e+00 5.131050155688967607e+00
-3.995198157902903446e+00 -2.486544058859731621e+00
7.225970073087871981e+00 4.967691893501864797e+00
-7.279553664348092923e-01 -5.024048631538828857e-01
-3.262123692976346412e+00 3.737622061273452090e+00
-2.104178074861449588e+00 7.129277830904200641e+00
9.953831365094849559e-01 9.919792517036263746e+00
-2.213939394756216927e-01 -2.245646034800401480e+00
1.569364810616850292e+00 5.974764590152457089e+00
5.930775450282563810e+00 -8.845794752220603741e+00
3.774558026488108453e+00 8.921777824938427415e+00
-6.325307725861151198e-03 4.245284177415086901e+00
-9.568957838124807935e+00 -9.019283354522567464e+00
-7.029318136445819043e+00 -8.523204316326438601e+00
5.805069419154840205e-01 7.629647878918632387e+00
9.845815904768144833e+00 6.247098300755233424e+00
1.017480619120016527e+00 -4.841787496025744986e+00
-8.842670253829474802e+00 1.959634677918931089e-01
9.989283181302027970e+00 8.755623930131740451e+00
-1.452699337083450004e+00 -5.712947469004598489e+00
5.175519306401092479e+00 -8.248570433529652135e+00
-2.532150662271459574e+00 1.506059672030623631e+00
-5.593660755502214421e+00 -1.755660000666882326e+00
-5.048044242027886597e+00 3.974301555437200761e-01
-8.941624241076006285e+00 3.932263680946757489e+00
-7.920522246841377623e+00 9.938305322705648592e+00
-7.985357235910914397e+00 9.838722830850596068e+00
2.519767142693750017e+00 9.695063561716125378e+00
-5.488381048289710407e+00 8.392479749745010764e+00
-5.025540663987353440e+00 1.745274126152223104e+00
6.865422997341074307e+00 9.995743433389794319e+00
-2.636865703454760457e+00 9.377966966853485076e+00
9.251712392229698878e+00 3.740696312201631457e+00
2.034322341211273866e+00 1.295482832084847047e+00
6.543799687235090090e+00 -2.081369822430676919e+00
5.000289779907813426e+00 -4.742832250659105853e-01
5.091896495767201714e+00 -2.738985124097861323e+00
7.517341727669794693e+00 5.590630236067475778e+00
9.381021714768969844e+00 -6.797901693106886967e+00
8.789248668668715680e+00 -2.198838034724857060e+00
-4.550635816780843612e+00 -7.578439683683100725e+00
-2.918805666005148680e+00 6.267177830563205987e+00
9.190997847666125153e+00 2.978848044732337996e+00
-1.225523618220172750e+00 -8.355282027594679306e+00
-5.562084711130765413e+00 -8.974017083702932496e+00
2.677267148003867447e+00 -9.607105396632910299e+00
-6.958830841654666699e+00 -6.274527134686733731e+00
8.371809079359021410e+00 -2.371355262053544521e+00
-8.024200835119914998e+00 4.099874644617919728e+00
-4.533568015642992499e+00 -9.402895342780155374e-01
-8.857322087751729356e+00 -7.136110013379926009e+00
1.629111894053295373e+00 -7.289019539580188223e+00
-4.400064344016629825e+00 6.968862494111782269e+00
9.929843493766000506e+00 5.382763725587800252e+00
1.244313373305168113e+00 -9.266284071036167802e+00
7.327658548797145954e+00 8.626031619514762383e+00
-9.389964774686967885e+00 5.108560451607395692e+00
-2.445602916990350373e+00 2.521655042000062963e+00
-7.312322380638609509e+00 9.024368151337878174e+00
7.746537122104697914e+00 -1.687456467939025373e+00
-8.462824389150444659e+00 2.757904847844848462e+00
-5.794940128852479333e+00 -5.752013634830854372e+00
-3.259043212058272410e+00 5.768539473786011840e+00
-4.234580398698042814e+00 -8.680373842667510331e-01
-7.269804206203476227e+00 1.567984996991393487e+00
4.300191002132788043e+00 4.064465862747725922e+00
9.718510695459031012e+00 -9.503871440066863130e+00
-3.258525780558261253e+00 4.812027565899263948e+00
4.626536655507610618e+00 -3.276683224684120432e-01
-2.625479654292774967e+00 -8.359690530831574762e+00
6.973733939829614314e+00 -3.855785740285105234e+00
-3.290332299628159873e+00 -3.415901777550849339e+00
-3.015528548787513863e+00 -5.776860554336873399e+00
2.510828659372261740e+00 8.279397653898094234e+00
-3.824472206415745035e+00 -8.278476331735243221e+00
1.984480278429321842e+00 6.831047833567417626e+00
6.684806656787497303e+00 6.680085902922719754e+00
8.726881149183537190e+00 -9.237734305132690338e+00
-3.819040760727688166e+00 1.859713947909327203e+00
9.123134371693069511e+00 3.589209176006249891e+00
5.665676879495951113e-01 -8.435911220440919678e+00
8.203884381408254711e+00 3.861581863182623309e+00
-6.079580603368894387e+00 -9.846029897165314182e+00
-8.160699844596006614e+00 -4.949246860402967130e+00
-3.437758029671778459e+00 -5.478889357608760946e+00
1.050411462741450919e+00 -4.615324855735886800e+00
8.380942705272438786e+00 1.745202384250232441e+00
-1.968498700087412345e+00 -8.906094634713586089e+00
9.048797047628859502e+00 5.889832524379045253e+00
1.911200605932455332e+00 -8.403537334703781170e+00
9.977681042975575565e+00 -5.407185405432954894e-01
1.999457661435835476e+00 -9.270593842789677907e+00
3.821604627706596702e+00 -9.965803256144681654e+00
8.664121546399815799e+00 -7.277187694081290736e+00
3.245611138531529605e+00 -4.988046929313449951e+00
-1.314430149288057237e-01 -7.581215963530725688e+00
-6.874091927350749032e+00 -4.472771539111974448e+00
-2.770215989162938541e-01 -3.092536009970647370e+00
-2.914394301265903486e+00 -5.877403228760124776e+00
8.315955092889463884e+00 5.406357737299503086e+00
-9.856600933143957022e+00 -5.123551470784430961e-01
6.015554094423013254e+00 -2.319726411436344726e+00
2.518370880465196748e+00 -7.268781820142162786e+00
8.303182226571440339e+00 -4.724434340295693424e+00
-3.819175233593790075e+00 5.072550470824932489e+00
3.701368271254448672e+00 4.985893105196659292e-02
3.735266949876713483e+00 3.598736526786650458e+00
3.019644390668108969e+00 2.338175020920896685e+00
6.779371851372978597e+00 -3.456999507354092671e+00
9.087795548822011682e+00 6.478581622009613739e+00
4.092555254310941137e+00 3.518401239097988409e+00
-3.346470862722954465e+00 4.084293788131903469e+00
-8.366504820295581624e-01 5.236504355711408820e+00
2.189659814070488153e+00 -2.980820030078077387e+00
-2.529282078976590853e+00 1.979483794082405268e+00
2.464466521401913468e+00 -2.576180496129227393e+00
-5.745146433649686024e+00 -5.892525312773675417e+00
8.221364381093060558e+00 -6.324482906720625408e+00
9.572132615019626201e-01 -9.325349882732400175e+00
8.299711298053843223e+00 2.018077796217266240e+00
5.276645688978039317e+00 -8.442100825104304818e+00
5.049178302454873091e+00 9.443736404790033845e+00
9.655714967188163911e+00 -7.281949262957825297e+00
2.683968246067152563e+00 4.837253728966535604e+00
6.330456965223341115e-02 2.949847276489286685e+00
-7.484607318973887757e+00 -9.635298408069346010e-01
-9.810638972045516937e+00 -8.920611636440618497e+00
-3.342474396274042192e+00 9.061817823435657004e+00
9.111902154911156515e+00 9.298116598243417741e+00
2.266522759442363366e+00 1.341771048640261199e+00
5.372598845384381150e+00 1.146600012379774824e+00
-8.201261338487405794e+00 8.726377402013845597e+00
-8.152825569825257190e-01 -6.334814285988931815e+00
-4.487470273046605840e+00 8.062225215311418225e-01
-5.592715967706229918e-01 -9.902285059006032952e+00
1.268898790964650303e+00 -6.232348503297528985e+00
5.998607490928728581e+00 2.627075898512391205e+00
2.230789824830598178e+00 7.346391689731127883e+00
-2.322583482754653872e+00 -4.345840043765267779e+00
7.210296185245169909e+00 5.751151885723821522e+00
4.859153311923588348e+00 4.885922612619479466e+00
-3.734473427509441557e+00 -7.903768447086427784e-01
1.995668785709383997e+00 5.726986090893664283e+00
-6.269206330030925756e+00 -5.280963259522124531e-01
6.017427646009448239e+00 -7.658959673148649117e+00
-9.260143822120518564e+00 5.505946178127448576e+00
-3.049900159128680066e+00 4.481872239956103954e+00
5.508329946070503524e+00 -7.748660548461925757e+00
-3.225401625866264332e+00 -1.806954260694340064e-01
3.219647207637077457e+00 -6.400728525447467732e+00
-7.036582363369285886e+00 6.967452071763425181e+00
3.826405919026601765e+00 -2.649400966324286344e+00
7.950265501886747188e+00 -4.827603462196887740e+00
-8.098224937592085837e+00 4.390917800033722784e+00
-3.162591998324035814e+00 -7.163788929802770156e-01
-5.844727854241032361e+00 -5.349301632419574126e+00
-6.800461171658511716e+00 -9.041763904901660709e-01
8.720261492759505018e+00 4.022446046617327298e+00
-2.214107066930102619e+00 5.028425712134939829e+00
9.831273728410813817e+00 -5.553621902942800226e+00
-4.785443957100358858e+00 9.816539701426190589e+00
-7.213906710330042493e+00 2.992545673586246124e+00
-8.696693518489130525e+00 -6.785256574230320581e+00
-8.198890651175181787e+00 -2.954636170580453580e+00
-3.413105423972928598e+00 -6.682860424936869492e-01
9.349854472484270929e+00 -6.480722285123228232e+00
7.273171230249268149e+00 -2.509148274823031599e+00
1.728824854060279748e+00 5.328246827072824487e-01
2.676223371736147882e+00 1.707312515678058418e+00
2.097750121507433008e+00 3.673503676362877002e+00
-6.076388370552042062e+00 -5.122341316947203183e+00
-2.890118400995467240e+00 7.321221245499298647e-01
8.035478811157975798e+00 -4.075136321994183852e+00
3.198947850886412425e+00 6.197399520767167047e+00
-3.899621001938617937e+00 3.256385582568130488e+00
6.847030581025407514e+00 1.753063635724325664e+00
-3.279502542737697368e+00 5.797862445014345667e-01
-7.405804717135948678e+00 3.224053928970967320e+00
-9.595854850013408210e+00 -8.780947137824238524e+00
-8.357521410568519826e+00 -2.072882592755682651e-01
4.789228274820917619e+00 -4.196266923332956367e-01
-2.880065052464948039e+00 -3.777599173480645334e+00
9.352307268170761745e+00 -4.202639124594664821e-01
6.808339607091578927e+00 -7.383036614592093372e-01
-5.913434078292709728e+00 -3.925470538876487225e+00
-9.225829623046816863e+00 7.987361648589104135e-01
-6.997309422199005091e+00 -7.096552480969162247e+00
3.854334825832307132e+00 3.217459410196765290e+00
6.202312323977132280e+00 9.827135609229888047e+00
-8.568887473759751572e+00 -3.747171870824290707e+00
8.954209329264017470e+00 2.561716873129620708e+00
-6.210916187055770976e+00 1.247586910832747975e+00
2.618192978581944885e+00 -4.131399810289702046e+00
9.033636380466802507e+00 -6.792992998571278918e-02
-9.819845068591639858e+00 -7.513007620498168393e+00
2.205969650722041209e+00 3.343294758036208236e-01
1.693765710212415954e+00 -9.958006623945705016e+00
-7.914850073587524903e+00 -4.453671756019423889e+00
-5.590466897012351666e+00 -6.323847390350236353e+00
1.151542307078969429e+00 1.338811898284138380e+00
8.062409284020993994e+00 9.988815977936930324e+00
8.002991125077034695e-01 4.042228369945009447e+00
2.191756848323629825e+00 7.361086642145597381e+00
5.985184401029883361e+00 6.836388735938129457e+00
-4.923046326215128055e+00 7.293806689924352327e+00
8.408602981921553976e+00 -6.054901218908808502e+00
6.013139762659996279e+00 -3.761134851950426849e+00
4.638540508206192570e+00 7.538385454854370948e+00
-8.151335234403846997e+00 -9.562003293024165629e+00
5.318729798759562755e+00 -1.920216586599508446e+00
-2.853389551215781417e+00 -7.882440002859851802e+00
-1.488473379075456293e+00 2.077992099007579085e+00
-8.548083470321198973e+00 3.240174636603885716e+00
-4.904205301654450011e+00 9.312845202308139392e+00
7.421147757689283253e+00 -9.493667798722214002e+00
-1.470640401172417455e+00 9.555473126921519622e+00
-4.976299010887760943e+00 1.749471364859488176e+00
5.409940002009319571e+00 -3.249961515074382135e+00
7.303205834517939365e+00 -4.056805906374030712e+00
-7.192442312704756091e+00 4.378189531018454872e+00
1.723891983288005747e+00 -2.104043756556768230e+00
-3.853575030247919919e+00 4.166939075520122771e+00
-8.981819990090784245e+00 8.609978444342750947e+00
-6.039676748806126483e-01 -8.797946858791835467e+00
-9.866542092659839724e+00 -5.717379298890441497e+00
4.534251525069885602e+00 3.218300214428033712e+00
6.179005711011761548e+00 -8.024039757571706843e+00
8.477152800787010278e+00 -5.699615210726902248e+00
7.059626836988481813e+00 -5.142276873667834813e+00
-3.766977781457043761e+00 3.951617947173797774e-01
4.674182663331013288e+00 -1.429373802873703525e+00
6.538823834730944640e+00 4.843164119301112791e+00
-4.852694095758622872e+00 -5.499368860255577474e+00
1.554030193720119968e+00 -8.166779778022865699e+00
-6.381364089059841760e+00 6.803852024904237794e-01
-3.125567779001674040e+00 6.957894325151993797e+00
-7.357358633757753452e+00 -3.045216023262975469e+00
-5.389242560424190032e-01 6.782977647415798117e+00
-7.595607041197769860e+00 8.390082324606858322e+00
5.260548602181927436e+00 -5.725494099611943000e-01
8.274076926377674113e+00 -4.845444823496207754e+00
6.717132022751659548e-01 6.495298670546286957e+00
2.043377043383358682e-01 -5.856958255901094645e+00
-1.073408740983685661e+00 -1.121719787458754780e+00
3.629558322669886650e+00 -5.949566595094815113e-01
1.622501972044759100e+00 1.940631942692942147e+00
-3.155517413238841939e+00 7.145308034542143361e+00
-5.358611304461915026e+00 9.299089006013897318e+00
4.837098092116640657e-01 -6.515337907649598748e-01
6.006311506737258554e+00 7.205176900216404334e+00
-2.213288329505191498e+00 -3.526958788821392687e-01
-3.391070550602046652e+00 -7.886950616858852570e+00
8.433172073586316486e+00 -8.497582175767048440e+00
-6.956730634370456023e+00 4.910778442693422008e+00
1.671016226379975933e+00 5.993406157472167095e+00
-3.662356941329647952e+00 -2.394124150993914846e+00
2.310147263206015822e+00 3.749237767491155893e+00
-3.163115638087439230e+00 3.221142113394135365e+00
3.599498804471901181e+00 3.169107914368536782e+00
2.814745327746139836e+00 3.320039370747062790e+00
3.858825181082753630e+00 -6.803059029546069780e+00
-3.870003615170702460e+00 9.483200380708687760e+00
-4.358227723954303912e+00 -2.232443771602206084e-01
-2.242764132957857370e+00 -7.269166018563526066e+00
-9.759090901453022937e+00 2.766558322885154908e+00
2.387075997010635220e+00 -1.326267049146494514e-01
1.063963910566664950e+00 -2.701793885481420077e+00
1.237153039741318850e-01 -4.491614903286558658e+00
4.787086029597309889e+00 -7.058362296118576573e+00
-5.090824983371000201e+00 -7.637214137809031911e-01
6.917891959467549867e+00 6.727072881033169693e+00
1.873489156193988592e+00 -6.655370927579018492e+00
9.092803319069346912e+00 8.846352224321968549e+00
3.455353565772060875e+00 8.179589186237681275e+00
-7.148179234940165827e+00 5.896584222718805890e+00
-9.932380585164370501e+00 5.483182937252962574e+00
7.999847412284545101e+00 1.642509429909377872e+00
-5.177994747084095906e+00 1.178553193116034237e-01
-7.651384264062732754e+00 7.923808280946744276e+00
-2.863729168158886118e+00 -3.175091378880110504e+00
-7.697246601553235479e+00 1.779454350263620199e+00
-9.990532480758746559e+00 1.168835471254441316e+00
-5.817291832753374692e+00 6.212797128723796192e+00
5.674364158645472500e+00 2.237307219098088495e+00
7.272086710778722818e+00 9.584731152660470599e-01
-8.590570926687114195e+00 -2.428707457585033147e+00
4.540333928748045977e+00 8.801969156738028488e+00
-9.928267557899683737e-01 -3.458520835325240128e+00
-4.103923835788430452e+00 -7.165297740375833335e+00
7.254529749676663641e-03 8.440182175680643439e+00
-1.669105494187689942e+00 3.650300600526785288e+00
-4.547333731580048166e+00 4.662273649428856359e+00
5.928582594327753696e+00 3.296669807586685153e+00
-7.988552116526852487e+00 4.926686083337997957e+00
8.361727670471495344e+00 9.748165104234981726e+00
-7.439503994728386971e-01 -3.282505109826123757e+00
3.374476874574721563e+00 9.266010826323075378e+00
1.337182261292028329e+00 3.897508318692864293e+00
-3.776426772606129134e+00 7.504118406358035287e+00
6.907441308330803054e+00 4.097851938072222922e+00
9.434423910562511395e+00 -8.169283284445496562e+00
-1.076435170343195580e+00 -4.806888156793607259e+00
-4.521777253353165271e+00 -2.139616947928799640e+00
7.650305480719143958e-01 -6.246670148769959852e+00
9.997077516790284335e+00 3.012173750220263457e+00
1.468049831132983485e+00 6.250819894859223069e-01
-3.948888760893931149e+00 -6.285823963140135362e+00
-7.384436717243847426e-01 -5.071931472080219550e+00
3.350477498003382237e+00 -5.267312093580924781e+00
-8.925098267202685065e+00 -1.837990528913113764e-01
7.684494905167309042e+00 -7.350313239349429040e+00
5.811812546993678552e+00 3.195129942538796897e+00
7.240334805423110254e+00 -1.377378096684767073e+00
1.715963881201700403e+00 4.953762427534176283e+00
-5.477753576244128730e+00 9.777694807234947660e+00
-8.317299514682083839e+00 -6.946741828430700316e+00
2.897208132787941537e+00 5.957271543620322518e+00
8.008463253227976253e+00 6.842082831279881816e+00
-1.404602879541318572e+00 2.893948018691720137e+00
9.252824149953625010e+00 8.522588000891555993e+00
-2.531109469419876135e+00 -7.001094069264624409e+00
-6.700329230209689513e-02 -9.493805785626081573e+00
4.576788131914037550e+00 4.468513416450178966e+00
9.236005045190214702e+00 5.072074813725137687e+00
7.863706419710624118e+00 3.302043181303499608e+00
8.659076561347305301e-01 -9.092896700066237514e-01
-4.719329271410115823e+00 -2.705515209844293167e+00
4.591164859623182437e+00 -2.458270041799965888e+00
7.851205245284109679e+00 -2.169161598310473948e+00
3.081754549567985890e+00 5.764003965027333365e+00
1.275938937534109030e+00 1.978378240353377393e+00
9.052215556672262409e+00 1.911544548446691749e+00
7.411736853825185989e+00 8.897554292626359995e+00
-2.704158669479768129e+00 1.279973007189587619e+00
6.788656792428838571e+00 -2.260872505468398685e-01
-1.581478274921384042e+00 5.765578057776989951e+00
5.611015493873182436e+00 -4.582599273444339261e+00
5.962492706354749927e+00 -3.103355426317060406e+00
-8.049414772853998201e+00 -9.047823800139644490e+00
2.002738482918813290e+00 2.237376280262729722e+00
-9.459419837103437700e+00 -9.423031426656553577e+00
1.582646265858391743e+00 7.922007739173633212e+00
8.199919546568203543e+00 2.455240765154403704e+00
-2.721521383707516506e+00 -5.105606294027388969e+00
3.741574023618497336e+00 7.345299203821316070e-01
8.966767964662974322e+00 -7.836282694226934353e+00
-8.311613699583267234e+00 5.273623213056115588e+00
4.655703445936147489e+00 -7.437895624398858097e+00
-4.336867721140791332e+00 6.846681635653958153e+00
6.017812870760771204e+00 -8.105814780364600125e+00
-8.869850417225183747e+00 7.159987033226297370e+00
5.281761402994433752e-02 7.101247438001664136e+00
-2.139646339255724783e+00 9.515577571359596476e+00
-3.461741497526857891e+00 3.267814535186390756e+00
9.501582841972020077e+00 2.082603712038066490e+00
1.408462604156330400e+00 4.654010590147157345e+00
9.578902048056384899e+00 6.294524925663431247e+00
-9.439905066217413321e+00 2.406712684701201255e+00
-2.647919932270418997e+00 5.628203333998440527e+00
7.830011547000363947e-01 -7.288436313996243143e+00
-8.187991182009231039e+00 -1.994361377689322978e+00
4.166070558562879000e+00 6.717410159342978915e+00
-5.844258305022407285e+00 -2.661261904145428403e+00
-3.282733157895751930e-01 -4.448995669037731915e+00
2.021280091291155045e+00 3.781147190320472973e+00
3.506910723126567930e+00 4.095794107573977882e+00
-2.653401271114102400e+00 7.445374824198019326e+00
7.250250279971982792e+00 -5.761165977154880657e+00
-1.621268853312425762e+00 7.275332009468908012e+00
6.850472291128397728e+00 -8.542670180649825085e-01
8.045766106155770814e+00 -1.736486138888944097e+00
-9.099697450989211234e+00 -9.736978377992713263e-01
5.075874057079122537e+00 -7.158538943079786776e+00
-9.204315830850529068e+00 -7.496557100447680533e+00
4.741062678101965133e+00 -9.566468016567803545e+00
8.171140611762911732e+00 -6.395985970885647021e-01
-3.843760665602610871e+00 9.943677236849989498e+00
1.634151194418810960e+00 1.494965394918772006e+00
6.507809373607056358e+00 5.125269640170419194e+00
-5.239210297145668882e+00 6.784020178085402364e+00
5.916657186202927576e+00 -5.734436371706812530e+00
1.525998383214599130e+00 9.890442708954019224e-01
7.872350808290139668e+00 -6.074007025214223532e+00
4.341254904284483018e+00 9.776909577606602397e+00
-5.529574367015872127e+00 5.519273396572142332e+00
-4.848768282571560562e+00 8.630966242411311384e+00
7.643777405667503189e+00 9.663448756646324966e+00
2.026841806084958009e+00 5.595709660184621015e+00
-7.352438513000738141e+00 7.274977488129348302e+00
7.628159334621475551e+00 -3.930014110026096574e-01
8.629090310559476507e+00 -7.033989032617791182e+00
1.008451018037725078e+00 8.150957080497320817e-01
-2.001642134606922419e+00 -1.629972119145987719e+00
9.615349895829741200e+00 9.804707719696338586e+00
-8.520842782079798283e+00 2.490832907706808541e+00
-9.802552566693311320e+00 6.138016100716171763e+00
8.424135712770230100e+00 7.060226863755207916e-01
5.610440334275653029e+00 5.752031122633532334e+00
5.996129461048468556e+00 -5.575010374117466583e+00
8.779630050641529238e+00 -7.384366288816133661e+00
8.736086144656624697e+00 -6.100434042580360483e-02
-6.045201774469132872e+00 -3.578446898646257424e+00
-4.972056510969089516e-01 1.811736557983032014e+00
7.967479635781330671e+00 -9.173708833026354981e+00
-7.856073805830972034e+00 -4.351293908340771566e+00
8.570059427630713600e+00 8.592320323304786456e+00
8.957375633127682590e+00 8.253917366286039226e+00
-7.412637324534832040e+00 -6.498982428735238237e+00
4.484928680919196609e+00 6.943296871216190880e+00
2.694321207683321617e+00 -1.329092656969503849e+00
-8.882782260215762449e-01 -3.306965396551147407e+00
2.469020305237258128e+00 -2.268414925866817811e+00
7.838591582706655458e+00 3.093942268990357292e+00
-7.192901556600697077e+00 -4.861442067525551636e+00
7.363637281621613795e+00 6.059822430919776792e-01
-3.902005748161156973e+00 -9.351263813413241976e+00
-2.908773549578016926e+00 -8.289630754200095097e+00
8.266921239979204472e+00 9.117444831842167474e+00
-2.189640068978624399e+00 -6.785048388641183870e+00
-2.230757645874657413e+00 7.980435475415774249e+00
2.733458778851861837e+00 -8.893771503168927950e+00
7.163514255812440723e+00 7.430210359071445225e+00
6.268133137926955811e+00 -2.471036652581124926e+00
-3.335759361451337668e+00 1.318546164588971337e+00
-4.268552017030922130e+00 -7.955528234665174558e+00
-8.215961797013815016e+00 -1.839125913855159666e-01
8.201886710619085363e+00 -4.098043978273679500e+00
2.519276132930359680e+00 2.489123579289181265e+00
-8.716440941951393739e+00 -7.986762476099446673e+00
8.339525136110687242e+00 9.727600141321712357e+00
5.646419631595517075e+00 3.961941266718840282e+00
5.339533415083286272e+00 9.486353561188277439e+00
-8.286397488160670122e+00 -3.287882495650147341e+00
8.805343664572834683e+00 -9.445303972276853699e+00
8.815636354631081417e+00 1.900240782837316900e+00
-2.155174103106851646e-01 -7.628524221499361602e+00
1.540261788990964220e+00 -8.099528579117311722e+00
1.950403924545831558e-01 5.609907281353754271e+00
7.480928953230403522e+00 7.774408225380970094e+00
4.037624291124901177e+00 8.191216033752091619e+00
-4.858284888015374392e+00 -1.077922455448289796e+00
2.134524651049304111e+00 9.535803298435013176e+00
-4.237573058588226971e+00 -4.158651823605959308e+00
3.868812325871813229e+00 4.911870772704784116e+00
-7.656143998406268025e+00 3.286810285959127498e-01
-5.670729605189501754e+00 -6.472803998127975689e+00
5.770039445119838462e+00 -4.561696589992845219e+00
2.887832735674617624e+00 -7.387870319106493611e+00
7.761475981602963259e-01 5.194797065343003339e+00
-3.253864371349934892e+00 -2.832738453389165301e-01
6.994701602605548629e+00 5.110267455830202366e+00
5.405448608932603705e+00 2.751925387959904157e+00
-6.924893082893146534e+00 6.851497005149361996e+00
-8.638584061068019793e+00 -1.177118242435817308e+00
6.971334711606999690e+00 1.028087384039572783e+00
2.905800213568740631e+00 -4.666695234209974785e+00
-7.490948464108484472e+00 8.807565660625122916e+00
-9.058360376091306065e+00 4.434795963115576001e+00
5.420070029275375845e+00 -4.938415291431881293e+00
-1.429273676609215116e+00 7.385473038553900693e+00
5.841736127002022272e+00 -3.293080970306087707e+00
-5.654955697838714990e+00 -8.777746162763360616e+00
-8.378850508673954423e+00 -7.216162237503449539e+00
-1.488265634028813622e-01 -2.517463390870218198e+00
-2.302286581504748852e-01 -3.436803769913381323e+00
3.147181482441858691e-01 -6.265752511456012641e+00
-6.309678881648093096e+00 5.688866726854531208e+00
-6.562536019258562447e-01 8.905448661112657760e+00
-6.881490912093459755e+00 6.650143666173931933e+00
2.605131545282773686e+00 8.312095897604244499e+00
-2.403867544864404238e+00 8.565423342458451827e+00
3.040134780148122218e+00 2.706831499645932837e+00
2.252739935466925303e+00 9.900326782702233430e+00
7.097102758294823843e+00 5.376852377726912380e+00
3.222226514038929679e+00 5.241034971552679167e+00
-8.449431761463962687e+00 -1.255285239136833653e+00
-2.321385580043335395e+00 2.822754414335514994e+00
-4.313667016238196261e+00 -5.944124375337207056e+00
5.344017776507490325e+00 -2.424905675278139938e+00
9.970673326770292277e+00 -4.860826319681390117e+00
-2.309865751870781025e-01 -4.779244029318223674e+00
7.064482291281976245e+00 7.505253712721287940e+00
8.704562782217916350e+00 3.859500203925366080e+00
-8.656258214440622822e+00 -4.024027482532703814e+00
-7.896171825356170793e+00 -2.386192881546200795e-01
7.854059327847558336e+00 -1.203913833797018995e+00
-9.213601154842107732e+00 8.408802484282460910e+00
-1.496274645289819460e+00 2.201456405085078671e+00
3.098099846607340169e+00 4.896418763838701338e+00
-2.421489981638947242e+00 4.750664526790508546e+00
-7.915290023617429505e+00 -8.179634793868064691e+00
8.014632397975262279e+00 2.187764857279727693e+00
-6.319129440609991377e+00 -1.772119961557990564e+00
1.636825673038764251e-01 3.417972254759245487e+00
3.560381487517290111e+00 -3.991593484390421054e-02
9.202289762380427618e+00 -2.987360351955834048e+00
-9.911278903516144823e+00 3.925572256283773598e+00
-8.644986725056881482e+00 -9.010448762945237888e-01
2.644044070976372396e+00 9.018566162267600106e+00
-4.808663149694645256e+00 -7.537996190866542712e+00
-1.686719839868315418e+00 -5.031364378075338095e+00
-3.464911373347597134e+00 8.145567484906507616e+00
8.328949439333737104e-01 5.116345389280795075e+00
1.980671072392006238e-01 2.189137484258115052e+00
-6.206030893091531553e+00 7.244614386415292984e+00
-3.163985024488620290e+00 -1.122357300768520361e+00
8.692400311771404375e-01 6.339866519537217471e+00
5.626884669559553132e+00 -3.661429335694785792e+00
-9.488839111885010169e-01 9.500246673947508214e+00
8.551193181232658702e+00 4.177854592605967810e+00
-5.022713451107541083e+00 -4.008947550740325383e+00
-4.884887258057406534e+00 8.317175190773436810e+00
-9.684111996332362082e+00 -9.986913501864187026e+00
8.640345430822076622e+00 -9.870685116877456977e+00
1.091629353773601707e+00 1.616496997226908761e+00
5.252850407833573598e+00 -4.433668481575825382e+00
6.743268873205110481e-01 6.790195839401867772e+00
-8.941082366944977267e+00 2.785301856520872477e+00
7.701862853027236611e+00 1.775885407741970567e+00
3.617324086519264625e+00 3.878392374799453535e+00
-1.386716716969866425e+00 -9.659330613046927638e+00
3.479132216538989297e+00 -7.229278423285709465e+00
7.894806822626204479e+00 7.301456532773190844e+00
1.005291278035196356e+00 8.019752181973291982e+00
4.848512902513213874e+00 -9.403548701900298568e+00
-6.700024649780385033e-01 1.905537146611294474e+00
-1.147302746932595596e+00 2.248732646643912148e+00
-9.503463102723832989e+00 6.327757555039219994e+00
1.387413118637830678e+00 -9.984361032165034899e+00
-8.834166115313465184e+00 9.805420727539480907e+00
4.298888116918570645e+00 9.906443443616129940e+00
7.785342204393000287e+00 7.987049628196917439e+00
-3.022447557461407364e+00 4.658282707707165571e+00
6.841525626579549879e+00 7.828057939039737789e+00
7.040653446756749645e+00 3.529395291237280574e+00
3.140465070288012583e+00 4.205218258534028308e+00
-4.753665894004841519e+00 2.906241792047410399e+00
8.646988532244307635e+00 8.017705769206205701e+00
-5.278484819514089210e+00 8.937431603101547495e+00
-2.271829773797547247e+00 3.573095711878341518e+00
-8.839135444158515043e+00 -3.923172604847986022e+00
-7.300400420895345022e+00 -2.870580753849727884e+00
-5.072578503753744528e+00 -7.472876185562089546e-01
3.687192026613697493e+00 -7.444082996723063061e+00
3.345435229569194036e+00 -2.847859667102525805e+00
-8.084620774561027901e+00 9.933839909571108961e+00
7.592086588542258596e+00 2.919489369395705580e+00
4.305006004776473105e+00 -9.392103898615893343e+00
8.191493172227069408e+00 -8.120396840807819316e+00
-9.230710143234063025e+00 4.178733149689147552e+00
6.888345309538507877e+00 2.094255614183781589e+00
-3.598395474239901581e+00 8.426460800145498808e+00
-5.992261934499469866e+00 -7.599486133574449021e+00
-6.563420643944517963e+00 -4.456128100380725598e+00
-8.669233216308569467e+00 4.737349027236440691e+00
-2.330545155397234502e+00 -6.400145374515515684e+00
9.530565870878177748e+00 -8.118877786692056731e+00
-2.587802605408171530e-01 2.353576604627644286e+00
8.922794721724038425e+00 8.113781301032098270e+00
5.700785679693858299e-01 6.890595930704130012e+00
8.572329633478315003e+00 -9.214295914346681826e-01
6.152178516172249090e+00 5.892286285304493276e-01
9.065173515582603869e+00 -7.315860107553129765e+00
9.565627889356171920e-01 -6.109498802915831916e+00
-4.930987581131511810e+00 5.424372992536012461e+00
-2.225710568601703798e+00 4.189183391116797495e+00
-1.562463448725448956e+00 4.764245165058238030e+00
3.075288181980122104e+00 -6.603030296643250807e+00
2.244989000462776829e+00 -5.354788643582395480e-01
8.371201509142171204e+00 2.098606386693163017e+00
7.795671933370009299e+00 -8.141624451092477344e+00
-7.222418709876475162e+00 -9.572151986839326554e+00
-3.007295917465486745e+00 4.917786581135834112e+00
-9.308176650836166743e+00 8.990666983195922057e+00
8.677176468707479273e-01 6.290546010388275988e+00
-8.180765920206969355e+00 3.803044746287254085e+00
5.380540216458323144e+00 -7.530840359299340037e+00
5.158663273701584728e+00 9.661161111652440070e+00
-7.114353645332505138e+00 -6.699600229079658575e+00
5.252347832751755874e+00 -8.617635224050124165e+00
-6.479780796209695382e-01 4.989696557651102538e+00
6.504010911625091040e+00 3.789122678676795530e+00
-8.044260414600623577e+00 -6.124916952001681736e+00
7.163734905236424311e+00 7.417649576101783992e+00
7.969529090715823827e+00 4.868530036564155949e-01
-9.495566379656601441e-01 3.575438413447241004e+00
-8.307649753760079747e+00 -4.311932989369697822e-01
-9.750168738665090373e+00 8.422545700244835842e+00
-7.528566618967396096e+00 -5.986838820733986211e-02
-7.622245800291902462e+00 -8.737207991749931679e+00
4.091412393924770186e+00 7.416845523306264454e+00
7.078494565280003314e+00 -3.773266094789027747e+00
-9.111045873082597168e+00 -2.352800367470977427e+00
3.361784582572013846e-02 4.744197035245292682e+00
7.168422116672545030e+00 -6.324784013473891520e+00
-8.963817730596662869e+00 9.168495662495622867e+00
-4.842513830110164008e+00 1.706713514882471472e+00
-6.688005964421259719e+00 -7.884250667716212746e-01
9.377415202010894291e+00 7.957848547854961652e+00
7.367070794304709125e+00 -1.160961558670168259e+00
-5.509111100826320495e+00 7.313235506593095181e+00
-9.882683685176358424e+00 7.277737115229090392e+00
-7.407714174419246511e+00 -1.015102367904852088e-01
2.679562185009242370e+00 -4.188975797123357658e+00
4.226723828281560458e+00 -7.415398363622220934e+00
-4.413363698425682990e+00 -8.665514668430303047e+00
-1.552058823256423636e+00 7.980199266597335139e+00
3.703976732796572691e+00 6.842021900922397037e+00
-6.855362861528647045e+00 5.873835216840106455e-02
-2.156128164892690435e+00 9.703311567769738133e+00
-4.480852121434944380e+00 3.932331030276515094e+00
8.031976196973506177e+00 -9.036401866509866210e+00
-1.007591686602607339e+00 -7.297401444719433528e-01
-2.453902766128792656e+00 -5.085314174144508925e+00
-3.218826502777698551e-01 -2.303684072955527462e+00
2.549075075638249643e+00 3.171205601901149862e+00
-9.139159020913467657e-02 -1.771465061908120475e+00
8.525876751315053070e+00 -9.807244821861360151e+00
-9.434828461285167833e+00 -6.659077634146535196e+00
-5.602082219803275365e+00 -7.362511774520370977e+00
-1.905558356934811570e+00 -3.371330176547013835e+00
-7.405089572642720164e+00 -2.036557741464084970e+00
3.147959156324482421e+00 9.801714048045194971e+00
7.992192877219562064e+00 -3.052148909807357313e-01
-3.531091018325909658e+00 -5.772312480422570502e+00
-4.935495863779251202e+00 5.300431900868538548e+00
8.950247130663235851e+00 -8.155307509151743517e-01
-8.331882240167020726e+00 -2.265672406637033731e+00
9.972678667831260668e-01 3.897589819653470400e+00
-4.234460091369347978e+00 1.516460156017513938e+00
4.746545112371489239e+00 -7.504070816008017175e+00
1.753406329326129054e+00 -3.655385652007714370e+00
-3.512421170113897873e+00 -8.286156035845522183e-01
8.908247088290032423e+00 -4.043566908756357492e-01
-9.538035329613130386e+00 -9.271733102421855222e+00
-6.987041420590704988e+00 -2.741248810376060163e+00
1.131176439515861887e-01 4.774012959566364955e+00
-4.303068245482744025e+00 6.965686536872468082e+00
3.889751586173151310e+00 3.935300946648123244e+00
-4.528728537277331156e+00 2.203618158462617771e+00
-2.686536258752401096e+00 -6.535381789847418688e+00
5.635160469416284457e+00 5.404416038423686786e+00
-5.468670842394882214e+00 9.858058865325851627e-01
-5.232715089016693355e+00 1.271555147452666290e+00
-4.043052612872399365e+00 -5.301724122525168781e-01
-2.112848643469154020e+00 3.589246143679984513e+00
6.752039709880193641e+00 6.252633226709104264e+00
6.383825826800599401e+00 -7.549300927396689787e+00
-6.985826881694996437e+00 7.475902757535269672e+00
8.983111802696338799e+00 -7.134154258512768187e+00
-7.829503437572176594e+00 5.058151358466489000e+00
3.434293462383624984e+00 -4.565231597923327556e+00
1.478206781324040264e+00 -2.655282780813585930e-01
3.996969223103175040e-01 -2.906200332991923929e+00
-6.587969701920021848e+00 2.421788439855268038e+00
-2.669995311764861157e-01 1.463014493660491411e+00
-9.249193643965194056e+00 5.610950372049634538e+00
2.515220006992125334e+00 9.281973795896277579e+00
-4.864498647253487462e+00 3.571937804165919772e+00
9.055734646889877837e+00 -6.635015645902251791e+00
1.382630229320749748e+00 7.870320168596464327e+00
-7.864259478559745276e-01 -7.261708538758107068e+00
4.516545510506851713e+00 3.871209090207138104e+00
-6.873802355158682431e+00 4.599396565034787443e+00
3.019581713688623381e+00 5.487241961489964126e+00
4.052477592981881926e+00 8.523379540394948606e-02
1.771762929360413352e+00 -6.981664746177036918e+00
2.737752306830824267e+00 2.575179672908255668e+00
-4.079653112808681037e+00 1.970867338284827852e+00
-4.145721994939481903e-01 -8.493583396116919815e+00
7.095018255336029256e+00 6.654211434306834150e+00
8.474651055024903457e+00 -6.520720061605159046e+00
2.214437120579964002e+00 -4.481776502534309259e-01
3.180964157011123561e+00 -6.669502442725812053e+00
-5.239776918607357281e+00 -2.909290030135580629e+00
-3.009933618083544538e+00 7.619123920549242257e+00
8.079002085417187118e+00 8.459918619583163490e+00
-5.879544579221964717e+00 6.488904507523088228e+00
-6.526815024894807138e+00 9.540112161751295616e+00
4.881357739009191121e+00 -3.967645254144354539e+00
2.560377333618346185e+00 -5.204756019000114087e+00
8.016050893055229665e+00 7.606033488082641014e+00
3.938903876778116597e+00 -4.776834681517510006e-01
-6.233721202482636059e+00 -4.086027433442929180e-02
-1.630032330821403974e+00 -8.172036681324762242e+00
-6.486596637456445436e+00 -5.441203705758226761e+00
-2.339532445957186013e+00 8.075257512911875324e+00
9.145212684240600964e+00 -3.308611177887968324e+00
-3.695763748892044731e+00 -5.460608331180414332e+00
-3.818400750646919306e+00 -2.426383469666683723e+00
7.137460388365216346e+00 -2.838815367669973000e+00
-6.115822337666889652e+00 7.164991621935762112e+00
-5.676051278729731919e+00 9.877816648155587131e+00
-7.995797985069110325e+00 -4.381347338052270501e+00
4.658455401315041655e+00 -5.620301281081216516e+00
1.125506857577342146e+00 -1.859291268295672594e+00
-5.232038156985061583e+00 -4.528815423872849522e+00
-1.871511223311605576e+00 3.865542553921962110e+00
9.384462055380208056e+00 -7.345183819966019101e+00
-2.132337690604324543e+00 3.505983390697828384e+00
7.429281225430340641e+00 -4.791758101893397459e+00
1.122350451458517639e+00 4.667791109333768063e+00
3.064547304653801874e+00 6.318076712554912433e+00
8.160682652280648597e-02 6.352198688697608731e+00
-2.251814266714402990e+00 -2.131157041992310930e+00
-2.917895791268403372e-01 9.990817381603779523e+00
-5.640264764649868923e+00 9.685218832665448474e+00
-4.104329374447033274e+00 2.715724416052069046e+00
7.642458397044922691e+00 2.587278056723949504e+00
5.278324957127400907e+00 7.352886169052919030e+00
-9.647658945453294166e+00 -8.306065086013497023e+00
-9.187667650155383114e+00 5.442324093808661445e+00
-8.060311088596652240e+00 7.972161882975733249e+00
-5.392752046820723066e+00 5.340873695217915440e+00
7.602205271299212086e+00 -8.112176776582206372e+00
4.582218243208544095e+00 7.660928798593033662e+00
-3.661993497952867216e+00 -6.481078299796562803e+00
3.511883748052706977e+00 8.464684582816428104e+00
6.907851039141217342e-01 9.388415414585303154e+00
-1.339464677091438460e+00 -5.196549099461204690e+00
-1.913880792426471800e+00 3.779924072929949475e+00
-9.628680169339871142e+00 -8.560901809102610116e-01
7.601570574507764633e+00 3.938284731910766112e+00
-2.064716050167632488e+00 9.083696764996176398e-01
-2.755409480299575442e+00 8.558331184450260309e+00
-3.919969015017645830e+00 4.836957430059820595e+00
-8.848134873861843275e+00 -2.091752092662481743e+00
6.649360795577720751e+00 -3.804657969697499809e+00
9.713978271854820434e+00 4.944853671528413486e+00
-3.094769852013550704e+00 -8.568448222349466903e+00
-5.144272124007511771e+00 2.814823420297646095e+00
5.187350253967739633e+00 -4.498435435391021642e+00
-5.662068104105255628e-01 2.347690579873900063e+00
3.217970449929723031e+00 -9.895836585888327264e+00
-9.320690720364869009e+00 -1.746887575792822389e+00
-3.959696954232860833e-02 -5.911958162846822518e+00
-3.061234822083869211e+00 5.756981245007544601e+00
8.643009378558396349e+00 6.055384533822383730e+00
6.134376121142373961e+00 -8.251017600512401629e+00
2.190830685519099319e+00 4.593436262272925674e+00
9.910255870339039319e+00 3.220762241932211722e+00
-1.669959794167041878e-01 -1.726552709656822060e+00
8.157972373260061971e+00 -4.721549974658099558e+00
5.783553369817786560e+00 -9.020884627790628940e+00
-4.480920973978347988e+00 -4.683797248232190569e+00
-7.066608962406100147e-01 -4.040936982340889827e+00
8.848513584940935317e+00 5.170061146468878377e-01
5.336559297308040684e+00 6.189172530998966693e+00
4.347310415482667167e+00 -5.203839247829947112e+00
6.747860576802061416e+00 6.907232165969901416e+00
-1.938395743912257885e+00 -8.628551996109248279e+00
8.550278666284551576e+00 8.776731628771656801e-01
5.439920194906328277e+00 -9.252609596575187112e+00
2.296423205527911904e+00 4.340268898517313900e+00
-7.851584331782635040e+00 -2.478791732035736217e+00
8.118252250408666271e-01 3.566036750189393700e+00
3.078855343069559325e+00 -3.355822629756919362e+00
-7.575080054307788302e+00 4.830506655224272805e+00
9.289410894746392700e+00 3.417749640067427208e+00
-9.719692991375794122e+00 6.289382791492656111e+00
9.929178044773255607e+00 1.404695683763840464e+00
-2.216842680774069763e+00 3.195713265817099469e+00
-8.994242621457352982e+00 6.775267149043401105e+00
3.149128485736881089e+00 -1.940646357995214899e+00
-6.287730230545998111e+00 -7.729031536786989953e+00
-9.017098967390555941e+00 -2.213496493638738016e+00
-7.913498305687605594e+00 -1.466691131817759342e+00
1.765234426039025806e+00 5.617548131061189665e+00
-8.016754474510596751e+00 6.719691723749310341e+00
6.673170243312060990e+00 -7.571899400243071732e+00
-3.245849651257284307e+00 4.232456564013917344e+00
-2.855848244103946776e+00 6.832779761494563786e+00
