-1.263244973672023264e+00 8.988925899594608637e+00
1.808359755897298271e+01 -1.605618985124078435e+01
2.555348369869090419e+00 1.110272268424750308e+01
1.781805555007004926e+01 -1.670270774021214777e+01
-1.265845304881823452e+01 1.697091685713229481e+01
-2.305493287142024172e+00 1.246632593655669297e+01
-9.642698681318947251e+00 4.823797926355947396e+00
9.980998252621525069e+00 3.982487914588631384e+00
-1.478004344261290370e+01 -7.099438047762568260e+00
1.978026011597376055e+01 -7.739292703795870310e+00
-1.209167770450617496e+01 -4.880069351713700598e-04
-7.916321373933641325e-01 1.155934292613720515e+01
2.165428941819349973e+00 1.895361293796409541e+01
9.214131059949494329e+00 1.282956829646371943e+01
7.848427567683589956e+00 -3.521708093558402197e-01
7.490793822794543644e-01 -7.692487223200386026e+00
3.741526961567132048e-02 5.423192298117221810e+00
-1.245462249844617375e+01 -1.361227862732087601e+01
1.931712108086865243e+01 -1.061641033910674636e+01
-7.359028597263730376e+00 -3.444711105153320574e+00
1.800155221481587375e+01 -8.387512826268611832e+00
5.563442133353348140e+00 3.393057496880228285e+00
-1.404859625128300316e+01 -1.796811328421400589e+01
1.885126486243754584e+01 -2.119898258323161144e+00
-1.184332833798717033e+01 -2.403244851303611540e+00
1.540185271295251823e+01 -1.239265550925329507e+01
5.065627117530869583e+00 -7.846309508957665102e+00
-1.396846280566679255e+01 -8.763201060197133074e+00
1.051002973417607222e+01 1.129714093131890706e+01
-1.274307640020835741e+01 -1.521730656416972138e+01
5.477430439535787343e+00 -7.015345804131420948e+00
-1.469554738495879143e+01 4.808476701284547516e-02
7.465041173792105411e+00 1.789490445905718019e+01
8.588160577159843712e+00 -1.077165630016340714e+01
-9.830248677186578021e+00 -5.559060737530518992e+00
-3.024814592913102729e+00 -1.794365429000714940e+01
-7.529747207468627579e+00 1.559862238456003780e+01
-1.707705842522534567e+01 2.877791794103814027e+00
-5.428565785935170140e+00 7.965780544242932137e+00
1.348076164963832468e+01 -1.798788152101091953e+01
-4.995599555879145726e+00 -4.977307871203731082e+00
-4.322873265029958390e+00 -1.628824541635261625e+01
-8.031428050060425150e+00 -6.237995242647009775e+00
-1.577059394756534338e+01 -1.545079943701332503e+01
-5.696409749970356984e-01 8.456615780550190919e+00
-1.759267042598491315e+00 -1.117578931111301443e+01
1.807021731796866248e+01 9.039939257548819995e+00
1.407726697241721325e+01 -7.487371107837299533e+00
1.262037439665012073e+01 1.050497316530212188e+01
1.341426727147196374e+01 -1.874597384979365700e+01
-5.742817815315039098e+00 -1.154321983891822256e+01
1.966967159003061028e+01 9.271994500068856837e+00
5.389781999083496089e+00 -1.171641532448875012e+01
-8.437256821903783788e+00 -5.125427939842541747e+00
-7.884294013914479038e+00 1.557049604159836065e+01
3.338438509655951236e+00 -9.295751846675184282e+00
7.516802130507912238e+00 -1.053834453534215676e+01
8.648817213376347013e+00 -1.774752577855502267e+01
-1.097857293386235966e+01 -1.355755933693483684e+01
-7.548833086933925074e+00 -2.939302688871599400e+00
7.803811154829919161e+00 1.778162868906872518e+01
6.236849228159854874e+00 -5.553181633260230399e+00
-1.898071218642440883e+01 6.185836293194984847e+00
-1.300561784801024245e+01 1.933895418203714200e+01
-1.596337891621498528e+01 2.029352195443799189e+00
5.228055825758293196e+00 -4.885325550369469028e+00
1.593167629396497631e+01 -1.826029867418696639e+01
1.847438690174413978e+00 -7.647239437671725426e+00
-9.027904119155936158e+00 2.459490152413476238e+00
1.393867414585184150e+01 -6.651410924468894592e+00
-9.428257643193216353e+00 6.500974941209662461e+00
9.575248279901170889e+00 1.399009064256912183e+00
-1.029447971631665126e+00 1.520228463135307351e+01
1.408508647998526442e+01 -1.247927730679456815e+01
-1.522915009814073883e+01 1.224648508732143881e+01
1.928692355514784396e+01 1.602135410771349910e+01
1.880788381732362069e+01 -1.869243072141850703e+01
1.460173212077840788e+00 7.393704918926538028e-01
1.462314325817081340e+01 1.521424332283444159e+01
-7.795359398862879985e+00 1.326131659697075094e+01
-8.083927932843240072e+00 -1.456769657931381801e+00
-1.366965220738793363e+01 -3.566288184700283637e+00
3.431790285346210112e+00 -7.232847115976861474e+00
-1.624803900292164371e-01 -1.665923541416235309e+01
1.106852590858981955e+01 1.410471573007458801e+01
7.398171913501538910e+00 1.126908643247310948e+01
-1.055854645471915099e+01 -6.793083596696627424e+00
1.454578599180725718e+01 2.529698876548472697e+00
-9.742670230002769216e+00 -6.806745446227594698e+00
1.704196512803773089e+01 1.408416346702606603e+01
1.291042665461434780e+01 7.394884734675017057e+00
-6.417727854186146885e+00 -1.868628014773054957e+00
-1.588084647260522786e+00 -1.728899245562637432e+01
-1.653208095184623971e+00 1.265060612445821420e+01
6.765644580088579829e+00 9.504397966652749830e+00
1.580542294616664378e+01 1.428191904825362002e+01
3.930284768486732361e+00 -1.887324237842801011e+01
2.719511321782256630e+00 -1.639107658672661927e+01
-1.179424616931264325e+01 -1.039415825337362875e+01
-1.260007894419965524e+01 4.474080673898285454e+00
9.329231392593509753e+00 1.426590099620258201e+01
1.490107278849164629e+01 2.006078169617410367e+00
-1.055892241289870270e+01 -1.137629284308820843e+01
-1.941755901450141764e+01 6.851704664868169203e+00
1.307445904118124247e+01 1.672400158834837924e+01
-2.190929698113194490e+00 -3.162483562948295912e+00
1.516053157572584098e+01 1.648838556787027443e+01
-1.810883895924501985e+01 6.229033932759140413e+00
-1.240664007461294105e+01 -6.833392935250440559e+00
7.871988204794881483e+00 6.856146293111777368e+00
-1.514430599548565937e+01 1.418622653875438999e+01
1.248751824019970513e+01 1.221959081750082277e+00
8.933466596295581041e+00 6.350184036795209153e+00
-1.221377734177155006e+01 -8.154991512383666930e-01
-8.089048749062218491e+00 -1.447575708256993998e+01
-1.140200181524173573e+01 1.688834827240945202e+01
8.756698956533625733e+00 2.299107666673588568e+00
-8.080862851232421207e+00 -4.448921099633867726e+00
-1.081505808203986874e+01 -1.717355934731480005e+01
4.676330780813643173e+00 -5.641182891966707302e-01
-9.192313203913471398e-02 8.923959010282722204e+00
7.147775031821943514e-01 -4.545861181268193718e+00
-1.697923894110342857e+01 7.223009016897545820e+00
1.683730166246013482e+01 -1.241555182981173289e-01
1.213123512472196097e+01 -1.846006287591197648e+01
1.046112048230407510e+01 -5.716245751677906384e+00
-1.980283550993581088e+01 1.809115209191404716e+01
-1.204545808531192108e+01 -1.753403123156980215e+01
-1.780669079592648885e+01 1.112572157986151922e+01
-4.218686347942153247e+00 -3.289800341923715621e+00
-1.962988041304370412e+01 7.884364237483683979e+00
8.267715213837632859e+00 7.378168825078986970e+00
-3.605018731691988165e+00 8.434165934764155992e+00
-6.759979921010694781e+00 1.458576269337326892e+01
-9.004005067053757472e+00 5.318258437542525030e+00
1.178517047741160440e+01 1.443350069753171283e+01
3.912284638152524252e+00 4.199630765998627169e+00
1.996658988709867089e+01 1.433633383785272031e+01
-2.336894816819750531e+00 1.649164531301786241e+01
1.137387466413752790e+01 -1.914836553364345662e+01
1.331658498973541782e+01 -6.486354623993069168e+00
-1.333086083435299685e+01 -7.431940875448983519e+00
1.782822334415356380e+01 1.905699219666134070e+01
1.839823243055155899e+01 9.950555556111609690e+00
9.807092063916591940e+00 -5.932580782580076928e+00
1.116862372716574825e+01 1.111690307047137694e+01
-1.627502810531642297e+01 -7.083173367625530403e+00
7.788720193098448874e+00 1.701426881480701070e+01
-5.380845966215064280e+00 -1.441500889983493572e+01
-1.261310141929622120e+01 1.485243777112152230e+01
1.407180308191847473e+00 2.794501822634707366e+00
6.766720960591342759e+00 3.360087194776227193e+00
-1.568224416656548215e+00 -9.431518136212808656e+00
-1.509935974600195685e+01 1.433882044533606148e+01
-1.077318038052649030e+00 -1.858359684559807334e+01
1.602944890106415698e+01 1.233357152916361343e+01
-2.802457730056140406e-01 1.820159854301082447e+01
1.115734349270132597e+01 1.750150938078747487e+01
1.931967213146307216e+01 8.279611352236045718e+00
3.521094526611623365e+00 1.695790678271151819e-01
-6.000668346491519145e+00 4.189145317769884969e+00
-4.073587061040448987e-01 8.451436257711414157e+00
-1.991832943475825601e+01 1.320276400565894193e+01
1.629316594837280974e+01 1.737234482854698570e+01
1.082761733653005010e+01 -7.016298666400615502e+00
-1.752785544732059719e+01 -1.691727935383001125e+01
6.226112729607585550e+00 1.592213640760985527e+01
-3.196808736887710722e-01 9.768585405032204960e+00
8.755769947089419247e+00 9.623308816356754392e+00
-7.816052769943556910e+00 1.868068456366942343e+01
-4.612978754840479922e+00 1.732748246275165371e+01
-1.667910681665052408e+00 -5.426395027202705279e+00
7.618260343990073125e-01 1.367641626600708094e+01
2.875119767268881077e+00 -1.312068832386263928e+01
1.561451353539981568e+01 2.201289513885722471e+00
-4.837150312712847011e+00 1.887985035103758946e+01
-8.658974468655987522e+00 -9.533497789566368397e+00
-1.726853409070080403e+01 -1.895797036706195371e+01
-1.988148619455269994e+01 1.363305447838386186e+01
-5.953805365609522227e+00 1.208668441563332863e+01
1.891240209754376167e+01 6.373386042258076145e+00
1.644523138161461873e+01 6.261556307057297488e+00
1.463332066475343396e+01 6.714821864400342122e+00
-9.114078073451633344e+00 -7.073167369446053954e-02
1.975432714642249721e+01 1.352197290359917758e+01
1.026371032223617163e+01 1.017995221778198811e+01
-5.343131108753294001e+00 -1.205162642730959277e+01
1.889220989969951603e+01 3.677510719705438191e+00
3.907924471299111246e+00 2.633552099746083286e+00
-1.112699673365122521e+01 -1.484810222398821544e+01
-1.532728585904356322e+01 -1.579188473146324156e+01
-5.779018262510401627e+00 -1.703261377008267274e+01
-1.587975510543126134e+01 -8.193952501553564360e+00
-1.246177544403820114e+01 -2.082175034712218320e+00
-1.328899303690944222e+01 3.398097596525850861e+00
5.480447305483501452e+00 1.464191704725613619e+01
-1.249801754689267241e+01 1.672487944677233429e+01
1.068255907488956069e+01 -1.435446918760668211e+00
-9.439927142411841388e+00 3.588350321419213174e+00
1.398457984636774398e+01 -1.755396527095874148e+01
-1.401121392771269925e+01 1.408745210746421606e+01
-1.228502432282298074e+01 6.003605746129373699e+00
1.794810075673036209e+01 1.783811602870764546e+01
-1.407406242573166821e+01 -7.213332234972300583e+00
1.011739668769182288e+01 3.077685002130902348e+00
1.629760006404915629e+01 -1.929587387697382184e+01
-8.285088502523771936e+00 -1.905911314112827881e+00
1.173813098540101763e+01 1.902762494621583045e+01
-1.580812411946135398e+01 -9.818655558781408388e-01
-1.771365992117979715e+01 -4.695503642589287097e-01
1.439170506669774596e+01 -1.974961531246473001e+01
1.885751299779506240e+01 1.626121755998141083e+01
-1.354983212840009799e+01 4.687054651783306269e+00
-3.759228055236540911e+00 -1.968037932335645834e+01
-4.190703831501462417e+00 1.868633395489677440e+00
1.217043138299923299e+01 -1.436416007906077397e+01
-6.474888248398013246e+00 -1.426079557903469741e+01
9.142459954581873660e+00 -1.549394571270802601e+00
2.698441439282252219e+00 1.232453690808479507e+01
1.127173648294682806e+00 -2.003342074545010121e+00
1.247178309974456312e+01 -7.316513210314470328e+00
-1.925079330709303704e+01 -1.966952480989507279e+01
-1.491099352046246196e+01 -4.779563410725092609e+00
2.757278905436088223e+00 -1.442475958218987664e+01
-1.076774105050908759e+00 1.208810295343681673e+01
4.093040524333297014e+00 1.569203816905253746e+01
5.656466937481194890e+00 1.246536844945443789e+01
-2.161596308684718082e+00 9.435127459741330824e+00
1.981181954748974050e+01 1.786206048022519610e+01
8.306120600159012213e+00 1.184509835989542381e+01
7.249407071404178282e+00 -1.608396124384992021e+00
-1.757877976302718892e+01 2.767641223460937994e+00
-2.763260770354815321e+00 -8.881487424736111080e+00
-1.408520423330617888e+00 5.238612736438383877e+00
8.105130537618599362e+00 1.164455740933135530e+01
-7.895539716457342649e-01 4.813998966544019709e-02
-3.922855219808390359e+00 4.661248495681693527e+00
2.921128867527361450e+00 -8.726063364072693673e+00
-1.219488524553550057e+01 -1.002279313254194726e+01
-5.323242280888811351e+00 1.077360666679671652e+01
-1.272623822630337997e+01 -3.943580842500004735e+00
-4.873540780265948058e+00 1.716172297231059929e+01
-1.203935459321948542e+01 -1.293691340881532170e+01
-1.678729036955309084e+01 -3.745039356392979357e+00
3.326185969720484081e+00 7.059205845771757026e+00
-1.173948659367089675e+01 5.178686157561500636e-01
8.310105553601502493e+00 1.945624251473545741e+01
-1.013871641763127940e+00 1.992757529330140898e+01
-1.660925885545504599e+01 1.081593358565584140e+01
1.303349819184823843e+00 5.562451536882168313e+00
-8.493365121201762236e+00 -1.535244535866652527e+01
-1.369386739913096562e+01 -1.257496801934684605e+01
1.291671226621816970e+01 7.535199131718002263e+00
7.447696048494229615e+00 -1.531911015086785710e+01
8.064982042562938602e+00 -1.491776630404547532e+01
1.754459610993747276e+01 -1.631692156611494227e+01
-7.864438936199489305e+00 1.935392093934168400e+01
-1.902525575611899455e+01 8.805893458653887507e+00
1.077518690860122419e+01 -9.726795129019510711e+00
8.790199259067243531e+00 4.834307770069319332e+00
1.563138458847794254e+01 -1.009891984879636162e+01
5.800149023247183067e+00 1.393025409162349604e+01
1.973469835906954017e+00 1.116637669729307447e+01
1.991635790521308280e+01 1.539281262589111776e+01
1.672162764085371123e+01 -1.184781090725659070e+01
1.450446369445242567e+01 -6.034429129740178865e+00
1.283133753013259337e+01 1.874634772515130976e+01
1.334893531391760746e+01 -1.390689445972364879e+01
-1.152867972286663267e+01 -2.049905661716699967e+00
1.963200647896735518e+01 6.159396579430751473e+00
1.885056887914623758e+01 -5.328712942697681143e+00
-8.518821346887129664e+00 -7.907691018785381942e+00
7.495249875212721236e+00 -5.646979463392653997e-01
-3.472368999514699794e+00 1.334442649195303687e+01
-5.121264280117404866e+00 -6.746230957791770066e+00
-9.025449152342194026e+00 5.043543015908745986e+00
5.155748381355241605e+00 9.541580542374312301e+00
1.126801228011629163e+01 -1.915800163743704232e+01
-1.589168133911367775e+01 8.849662358729851519e+00
1.054961571460939496e+01 -1.708251822491108385e+01
1.322831642505253313e+00 6.947270424824974810e+00
-1.626605489719932152e+01 -1.709554064555385366e+01
1.557105816389957909e+01 7.375163175093739198e+00
-1.762254740895438232e+01 1.126060733858473384e+00
1.554489047718309536e+00 7.177985366937495115e+00
1.770113458741305834e+01 -6.315092006529003044e+00
6.318686330550281838e+00 1.216338447923866539e+01
9.843424782209918789e+00 1.796596001613744420e+01
-3.145976718715299825e+00 8.319275415256623063e+00
1.523342683480099424e+01 -1.253612725653436044e+01
-1.439803640654206163e+01 -1.760982561092583154e+01
6.682944093131361285e+00 -8.153829414737089110e+00
-3.418404060263515731e+00 -1.457781656427891370e+01
-7.783406298921097033e+00 1.324525751721517963e+01
1.680006138003741967e+01 -1.446466497018883857e+01
1.338314875248313740e+01 1.247524354073361508e+01
-5.801336858561851884e+00 -1.416026329488742164e+01
-4.846884121038828042e+00 -8.332760792477271750e+00
6.003614710571063995e+00 -4.959468882715185600e+00
1.119136141144097252e+01 -7.409634347300944057e+00
1.940888204605304423e+01 -1.249316578703873049e+01
-9.858094897421709746e+00 1.280452314400456260e+00
-5.598830249007932025e+00 1.288760035831271011e+01
1.570808158780950947e+01 -1.765708400615062956e+01
1.393639041605525364e+01 1.072083611797054203e+01
-1.582748579397122768e+01 8.841672704669004901e+00
-9.465945706939734805e+00 -1.840790083328528581e+01
-9.620830693986373916e+00 -1.232965199499854592e+01
-4.189684579898367289e+00 -1.316780670038038004e+01
-5.107072681613678000e+00 -1.390950664951611238e+01
1.142629152250976077e+01 -1.507819085084357802e+01
7.962479019746524500e-01 -1.861447241675300290e+01
-1.502495705116315250e+01 -1.301377680774195689e+01
-3.933126542525297253e+00 -1.734958388818937181e+01
-1.790397244784944064e+01 -1.507682507458524057e+01
3.944882675640336345e+00 -1.104092007949377319e+01
-7.409513712622160853e+00 2.804020656744974360e+00
1.203927431936166670e+01 -1.470022002352587975e+01
1.621062918814180875e+01 1.850486227568696762e+01
1.400094304363223330e+01 -1.723362775422285864e+01
9.935398872067871423e+00 -1.232467242434658772e+01
3.968350349509755404e+00 -1.229319210389249051e+01
7.486969070318512109e+00 -1.070384200169661426e+01
-1.382426881956556386e+01 -6.969250692420114746e+00
1.651696353811136930e+01 1.711498323033283953e+01
3.249670867193938051e+00 -1.314464241859764826e+01
-1.207297192174565659e+01 -1.877341826367925037e+01
-7.528932104012726612e+00 -1.139898951468447308e+01
9.091068622310590541e+00 -5.201150769245273864e+00
7.657532840061236357e+00 -1.872857578386724597e+01
1.130033458645738875e+01 1.910883052430585138e+01
9.527462907149505611e+00 -6.997563151122495384e+00
1.255747721830140051e+01 -8.881291147636725114e+00
1.576469212841494283e+01 1.182050910483872741e+01
-6.888104225339137798e+00 5.961985431301819460e-01
-7.680912126637231552e+00 -1.166992591361385223e+01
-5.267938050775757830e+00 1.462957297653335331e+01
-1.187648699818721099e+01 1.303864824703784819e+01
-1.718480632362321359e+01 6.222719133796672963e+00
-9.118213813067082896e+00 1.092201893192136453e+00
-7.591122356385691106e+00 -9.121938104907600930e+00
1.170193827111896567e+01 -1.791823923119510198e+01
5.676195772547281138e+00 1.418507008713557838e+01
1.282515816248722018e+01 6.476433406904007484e-01
8.863339959977064808e+00 -3.124365790758353967e+00
4.115580382413849492e+00 7.264905855854728145e+00
-9.073906930074603139e+00 6.904410134917107200e-01
-6.810228849791982952e+00 8.252961297118297068e+00
1.252779906086728090e+01 -1.049436564106976633e+01
1.570505328265968359e+01 1.878272913589728432e+01
-1.329419659184414293e+01 8.686443676867714458e+00
1.755807559809287710e+01 -1.792355717302250184e+00
-1.507254956631354759e+01 1.234179787463830280e+00
-3.001385191887035120e+00 -1.852592679288474287e+01
7.877552070626968828e+00 -1.462558474468102077e+01
1.188876947774389947e+01 1.298838327311563035e+01
1.900546236830828661e+01 -9.617091676581775772e+00
-1.893794633047816944e+01 7.667119088815461225e+00
1.704915149395768026e+01 -6.667470701145870038e+00
1.292305127973904177e+00 2.585654863280556270e+00
1.196111846733129624e+01 1.606921703857314299e+01
-5.623372608519616733e-02 9.223719478282067286e+00
1.250319578358143957e+01 -7.370480227595805900e+00
1.737919531003646512e+01 1.369778467233676622e+01
-1.587862144664199704e+01 6.593198590566579753e+00
1.994741638090069813e+01 1.820748660008721487e+01
7.201391232122567487e+00 -6.331475514543317473e+00
-1.143700290021145705e+01 -5.147353178310929422e-01
-1.375297822824304816e+01 -1.877078599185720620e+01
-2.865390179699325301e-01 -1.647916539203797726e+01
3.872928649594467032e+00 -7.489658075857601460e+00
-1.434210148869932588e+01 -4.798533803975395529e+00
-5.410428919534204795e+00 2.662050232521622206e+00
1.163207736234690870e+01 1.359797513047531226e+01
1.737133205578761874e+01 -5.257441669703029063e+00
2.126158270344120638e+00 -4.827327754189312259e-01
-5.683345735348037664e+00 2.464461609253710606e+00
-7.131319683032728562e-01 1.140620235040545438e+01
-1.452325465554573647e+01 -5.244108896598111969e+00
-2.829362006599353663e+00 4.735678139411575671e+00
1.546675047807643466e+01 -8.821394384209195749e+00
-6.864981268381606938e+00 1.682536678617523762e+01
6.033949538674473700e+00 -1.764532637296480999e+01
-3.089019643344386168e+00 -8.269359030357801288e+00
1.630772719252383496e+01 -3.899922850743134717e+00
-1.793097010215583964e+01 -9.893363447370045805e+00
1.664081277254595648e+01 9.660349954493053559e+00
7.053871428455273929e+00 -1.409028494784797303e+01
-1.562347738229514782e+01 9.962673159566534764e+00
-1.396307673331628507e+01 -1.358506847842485321e+01
1.269343531791513868e+01 7.704535033454867232e+00
-1.324701655653909071e+01 1.622798394717748494e+01
-1.015918820268140976e+01 1.788472374386411445e+01
-5.542173963804586379e+00 -5.474070641219807243e+00
-1.487400086718873915e+01 -6.333893286996342908e+00
-9.107162533925423631e+00 5.865905781890297988e+00
-7.782882516860940569e+00 -1.292300806277948766e+01
9.919507406410765782e-01 -6.091596350398372550e+00
-1.468624364113987113e+01 -1.303358473204058754e+01
1.141441339070333072e+01 1.919413138788793560e+01
1.735493359405191427e+01 -8.876863168452509001e+00
1.627617003248131766e+01 -7.023013134158135884e+00
1.871929406173733668e+01 1.870554090694663785e+01
7.522370598370912376e+00 5.708303103522361255e+00
6.123574319580260550e+00 1.828844218887668660e+01
-1.468693310450237988e+01 -1.979219760065012679e+01
1.346227882107054796e+01 8.773610008724475051e-02
-1.519781897137320925e+00 5.286948071698617468e+00
1.882201340439311110e+01 -1.733613277712137446e+01
1.502215860990623497e+01 -1.028334184673611063e+01
-1.163710675984480858e+01 -1.413965226392978281e+01
-1.379695754147970632e+01 -1.105275773183689836e+01
-5.101968524283284623e+00 -1.916169029419076608e+01
-1.350988356222741160e+01 5.524463057234846985e+00
7.766175071233565319e+00 1.816425021353732205e+01
1.337039499848599888e+01 8.722719164681031145e+00
-4.483486191384852049e+00 -1.213351003999756728e+01
1.158904459481895444e+01 9.378465892667392723e+00
1.065337125420946407e+01 1.638717081857897995e+00
9.611426052471884418e+00 1.661924755386610997e+00
-1.641726146079345838e+01 8.185087360276313007e-01
-3.212674195546526335e+00 7.742338931012163528e+00
-7.526431327435950891e+00 7.359807869951001891e+00
3.080048049996438664e+00 -1.394180161077707680e+01
-1.907044947860262596e+01 -9.547195647951184583e+00
1.973025978833753413e+01 1.523882043716442070e+01
9.611324332436094409e+00 9.895933685032488825e+00
2.624037763319400085e-01 -1.678892788589556062e+01
4.746550124204489407e+00 2.896787444451330629e+00
1.443791179661641877e+01 1.381838434558190443e+01
7.611020205853264997e-01 -1.898793331730790612e+01
-8.338918962521164602e+00 1.084376058696123124e+01
-5.444998377116139210e+00 1.778165092422377569e+01
8.748999932670997737e-02 -1.912377177671253037e+00
9.998356937922956433e-01 1.854492031420950582e+01
1.850928835516274518e+00 -5.716750355562654207e+00
4.966731075070640600e-01 -1.060951327984147241e+01
1.111709973884315872e+01 -7.933446416227457831e+00
-8.420200183528336879e-01 1.234876302629581346e+01
3.094423592670100476e+00 1.170207051397534315e+01
-1.234672394124846306e+01 -1.251708477133019137e+01
-1.291626444538994889e+00 2.886090248634403110e+00
7.156286148420711868e-01 1.771482361961163576e+01
-4.451740662473003596e+00 1.054646464691933971e+01
-1.728058906524253757e+01 -1.944449348298099522e+01
1.586932086954408305e+01 1.678225601541593903e+01
-8.120438974379705854e+00 1.173688691348243296e+01
1.416185224273854004e+01 1.832324726311647112e+00
-1.954791181214403650e+00 -1.558210425501549778e+01
-8.905872899168695511e+00 -8.034299314999229225e+00
-3.720701854301957212e+00 -4.750086336075543869e+00
-1.562339179189947025e+01 7.087522233812606487e+00
1.215294167641656742e+01 9.127286402115370123e+00
1.319552234424394044e+01 -5.161741292124313318e+00
1.645783927795147150e+01 -1.606177249602750834e+01
-1.781371313490073049e+00 8.445454983327728371e+00
1.767045679594852459e+01 -1.017015685942676129e+01
-3.622379609177780679e+00 2.297521771694128745e+00
7.908076307296923346e+00 1.286680326814393993e+01
-1.990692291601558139e+01 -1.369334824435413545e+01
-9.045254434252839815e+00 1.882847968149042828e+01
-1.377441372160412847e+01 1.554698258790501342e+01
-4.329855908233287920e+00 -5.228319284245465326e+00
2.300909402886382793e+00 -1.233523327565677619e+00
1.692337914106845176e+01 1.467216820718987691e+01
-1.628410434098210047e+01 -1.347694856487032666e+01
4.308095708978413541e+00 1.768480979143061660e+01
1.131209284844985774e+01 -8.950643552011285919e+00
-1.548266200602744647e+01 6.035676833916046036e+00
-1.083062375938363431e+01 1.457020240289521951e+01
-1.305586711014962020e+01 4.798492381883786351e+00
1.676436439256944055e+01 -1.536042759654115741e+00
1.227475855358139256e+01 -1.315133217704885027e+01
-1.057978371264692186e+01 4.499298623611434067e+00
-7.223831026992577620e-01 3.563731306550582900e+00
1.676933169924242861e+01 -7.723300505108303682e+00
9.106323871882469945e+00 -1.956579293488278992e+01
-6.676339241370605748e+00 8.109407831517859933e+00
-2.648563048410487397e+00 8.288450430220407839e+00
5.779637626773070025e+00 -1.003738848054072541e+01
8.245716554615466265e+00 -7.048163868341102756e+00
1.476858761465946657e+01 -1.968561167255409572e+01
1.342765523715366527e+01 4.977532278912221386e+00
-1.724300886464540739e+01 -1.397441246341077026e+01
-5.029643695166253536e+00 1.122192100175059792e+01
1.015012527458582525e+01 1.375417143215357640e+01
1.431406295924669791e+01 -6.225289926947080943e+00
6.548231820066572340e+00 -6.169510775449271733e+00
-7.085313896783782539e+00 -5.883163622127035808e+00
5.961165831886638955e-01 9.518635990105607902e+00
1.494788382649001335e+01 -8.162827705648432186e-01
-1.100362718640297643e+01 -6.085936177239638312e+00
-1.686171214232630078e+01 -1.076365378028761199e+00
-1.628301971075217480e+01 -1.209594250171879715e+01
-6.647718581850732278e+00 -1.866532273211266002e+01
1.826715541332222870e+01 -1.384574576685841407e+01
1.470627822586750000e+01 -1.773515211765803912e+01
-8.297159916941154734e-02 -5.454698391071485020e+00
-1.755146486662599159e+01 -2.549553319042111355e+00
6.696789696954933646e+00 -1.554453499769527625e+01
-1.276025453967370993e+01 1.562543473279838935e+01
-2.435422805219889852e+00 -5.499991443517679102e+00
6.975204017534181844e+00 -1.849959773990086020e+01
-1.361259795409821649e+01 -3.893157845425005092e+00
-6.635327902865061134e+00 -1.399022892749793101e+01
-1.799531284647354923e+01 1.562335356816016230e+01
1.678581901296425372e-01 -5.027672405477980888e+00
-9.465781475927492750e+00 2.271797340960517886e+00
1.149459582484990960e+01 -1.728179020423823431e+00
-1.010113659062348290e+00 -8.653325474377972171e+00
1.488803559709198510e+01 1.444206663716963135e+01
2.831461520639471985e+00 -1.777036498994259262e+01
1.563296360025453424e+01 1.946870456904306934e+01
2.291979290290218074e+00 7.629095722014369585e+00
-4.905412788218725950e-01 1.147930354373702855e+01
9.003112178810596333e+00 -1.555153492472854637e+01
-1.075790035892012497e+01 9.320562834026059562e+00
1.846544614469001289e+01 1.997645802933625703e+00
-1.320252687633506561e+01 -1.458293557945743757e+01
-1.968034294382150051e+00 6.422400863572470087e+00
1.339018877314959610e+01 -1.499126715221294504e+01
5.280789110394454866e+00 2.257187930282114507e+00
-8.364638006908013068e+00 8.085216668753908209e+00
2.302242015512465656e+00 6.189578594641890419e+00
1.603802219521518424e+01 -5.398912490272213205e+00
1.301877468474519617e+01 8.117174673077037994e+00
5.988288328734554966e+00 -1.090897840894305304e+01
1.091870826705990893e+01 -3.062416972359756073e+00
-2.076622590660377909e+00 -4.135195046201079805e+00
1.537142788277292027e+01 1.573107564240881828e+00
1.023385390708618914e+01 -1.362396252501549831e+01
7.839078678159658864e+00 8.559906042231787637e+00
-1.138501719049304306e+01 -1.413024430248155383e+01
-1.323753606142565076e+01 1.381206744602159375e+01
8.615340689395139862e+00 8.897900510158525123e+00
-1.333543707210321116e+01 1.459408678617214861e+01
-1.000217988543667857e+01 -1.048204560063215851e+01
1.343342543634628328e+01 3.134747956165057303e+00
-1.725595863601381197e+01 -4.605896983037824910e+00
-1.847286264269283151e+01 1.543137410745995197e+01
-1.566105402578568118e+00 4.209042834224909768e-01
1.636076665868861824e+01 6.135534757836399677e+00
-9.786222950477409199e+00 7.050909426611831066e+00
3.013734200817953734e+00 -1.543794905878336898e+01
9.187408629356990986e+00 1.138074620248413282e+01
-1.616489152501173265e+01 -5.610381481483077692e+00
2.415853154517009216e+00 -5.205178954537217351e-01
4.295516024022877133e+00 -4.361281104797111396e+00
-1.508610855332871736e+01 1.480156811660427252e+01
-1.734636850364801219e+01 -9.733150167109240414e+00
1.946204762091816320e+01 1.038877536310934602e+00
1.645552387022286212e+01 1.319614765782248611e+01
5.549994512510394884e+00 -1.924736311681986223e+01
1.777742691699196342e+01 1.799310360016067989e+01
1.387770401190827130e+01 1.947650804623031462e+01
1.527624478081578019e+01 1.271003564566534294e+01
1.903412512514015020e+01 -1.093535113697175021e+01
-1.597125279712166446e+01 9.812178827034905737e+00
-1.930605785184081569e+01 -1.667491274783335342e+01
-7.493605784672560333e+00 6.296271761746421447e+00
-1.845887175903887822e+01 1.519231258073730118e+01
4.441609251619837551e+00 3.350676959911091046e+00
-6.610436431065629392e+00 -1.256913575199697597e+01
7.593314281692165935e+00 3.497486616328025377e+00
-1.106396177704501937e+01 1.066961910601618158e+01
-1.101759059382595218e+01 3.980770279627535047e+00
-9.646343055607374595e+00 -1.785801749060105337e+01
4.119987709364110628e+00 1.069358345181541381e-01
-4.617920514328645254e+00 -1.490738828276129269e+01
2.963691296333202274e+00 -9.383714741137026749e+00
-8.490420716001718660e+00 3.728827152840988646e+00
1.197015764873331278e+00 -1.548951763230892809e+01
-9.248228150909039158e+00 -3.766895634209348032e+00
1.078200609588689929e+01 3.397943936721148361e+00
8.003189436868403561e+00 -1.097672550056799778e+01
6.645695752259843658e+00 3.331906594788303977e+00
-1.328976463459730084e+01 -1.093878385053929314e+01
-1.159825654146568041e+01 -7.177394365891718309e+00
-3.611363813898478270e-01 -1.017966755039170224e+01
1.325930119484070246e+01 1.551951151846134280e+01
8.447915633562082860e+00 -1.653938983933978335e+01
1.754365963168658027e+01 -9.862343543292819703e+00
1.571170590403509948e+01 1.034593992650118111e+01
-8.321257388287399692e+00 9.636380085518439387e+00
-1.091412836803722897e+01 1.760301791373056091e+01
1.258015196796384316e+01 1.036538722049135330e+01
1.384095546924343978e+01 1.034873035716046275e+00
8.697347714924354989e+00 1.236284906494066149e+01
-1.701303395723336109e+01 -4.428518611688424755e+00
-1.929437574055836180e+01 1.910540979274762918e+01
1.627854766839645606e+01 -1.923713551438365954e+01
5.548515681043607373e+00 1.983168357524240832e+01
-5.244783457185686615e+00 1.656292842551196287e+01
-8.887467072036866256e+00 -6.707300397911506451e+00
4.689597525868801853e+00 -1.406357763228387370e+01
-1.198994509794840368e+01 1.423534069134626634e+01
2.286006551968622347e+00 -6.509399423837244569e+00
-9.512888118985847186e+00 -1.215760142793271825e-01
-1.664089512057785214e+01 1.826717165661400344e+01
1.736058901828140222e+01 -1.095794658631348284e-01
-1.193176321672364537e+01 5.743868890534116645e+00
1.154130527122945438e+01 -1.275332729418190425e+01
-1.777427957264279001e+01 1.821567775640815512e-01
-1.631661079422942251e+01 -5.215638535465011216e+00
7.435662811460570509e+00 1.732082984779047763e+01
1.441841288140977895e+01 -1.136486514084795729e+01
-1.805710820801798633e+01 -1.547439193549733716e+01
1.207726628661131230e+00 -1.616826959570626698e+01
-1.564539033116081868e+01 -3.494472110051241032e+00
-7.222730867275256372e+00 1.759406755330436312e+01
-5.583456584682799928e-01 4.895817128666557494e+00
4.272411529852227829e+00 1.531905000117949811e+01
-4.382125214963572546e-01 1.640122388323752745e+01
-1.530858804424049069e+01 -1.468023295317124521e+01
9.504384710394692348e+00 1.914728252591228852e+01
-7.884222817265600369e+00 1.503657199907913622e+01
1.856302500480765616e+01 4.278512756102244907e+00
8.031293238933088219e-01 1.551357206843215408e+01
8.871988478760126640e+00 -1.287858205217499474e+01
-1.394273998231656009e+01 1.226378280354929018e+01
-6.124373076314322262e+00 1.647950651719443727e+01
-1.824670604044721500e+01 -1.171650515370410517e+01
2.305006436637583533e+00 -1.652545527354454435e+01
1.224550859995815699e+01 9.768394841617151769e+00
1.779764169027178866e+01 -1.360054039506477963e+01
-9.121388858377713404e+00 -4.349152981127843987e-01
4.640202795920636447e+00 1.704002582509440344e+01
5.880575229923266534e+00 -2.874100759086779533e+00
-2.245320598612611462e+00 5.168988388616746477e-01
7.774029574558554145e-01 -1.477642990398666001e+01
1.687149114160413887e+01 4.605162105228913560e+00
-1.869026369769814266e+01 -1.752872207559825313e+01
7.590330541116578900e+00 1.588655931065162719e+01
4.512239313889882197e+00 -1.719911300339644100e+01
-6.544550361118028903e+00 7.597050230692747874e+00
2.315400240928660480e+00 -1.273302351116657150e+01
1.299226265689181048e+01 1.326578018048669350e+01
-7.884123209962794476e-01 -1.691867295634799717e+01
3.465080533625272352e+00 -1.683671432740219132e-01
-8.821311181870257201e+00 -4.297587207861255365e-01
-3.449255082234103043e+00 -1.282729707311244027e+01
6.532249911652421304e+00 1.878707039228068254e+00
1.319987038010100378e+01 1.278775548570146725e+01
1.502802425888656757e+01 -1.881053437624929714e+01
1.548156211707976837e+01 -1.397349266398503786e+01
1.425194568735100376e+01 5.196085800335360716e+00
7.498948974376418164e-02 -6.254283845746627435e+00
-6.159842269812155990e+00 1.448791592025524011e+01
1.787950600598230722e+01 -1.997705950354091442e+01
-1.760777871929288807e+01 -1.675435219248977958e+01
-3.382186488389628209e+00 -7.015503730124130755e+00
-5.241019866159861706e+00 -8.205616238559191089e+00
1.551665550319300735e+01 1.114453344649655264e+01
2.871983530620401126e+00 1.106142306536377617e+01
1.362619112605283078e+01 1.631902022194380919e+01
1.901808518927285974e+01 3.088851811929028912e+00
1.047619294545836155e+01 1.014527678440247271e+01
-1.657191898144015596e+01 -9.130643850770848502e+00
-1.700969472442456976e+01 1.466950061870755917e+01
-1.546734711620850078e+01 1.711996446892185020e+01
9.621750221881967491e+00 6.844972324974865074e+00
-1.766341093458012068e+01 -1.707348168138063471e+01
-1.563956583630245589e+01 -2.559092080968170535e+00
5.199453153643588621e+00 1.916081817546933053e+01
3.131786866346057963e+00 6.934263443274168992e+00
1.279165687067485635e+01 -1.782282480794245672e+01
-1.454664796924042847e+01 2.702630441964352315e+00
-1.441113236188990676e+01 1.608033407611323184e+00
-5.284905476042048633e+00 1.903366448269640188e+01
1.892005994341710107e+01 2.486446796264665693e+00
-1.157134092596498931e+01 -1.694140219648170387e+01
1.281240254602771245e+01 1.908468929797439984e+01
1.982945846997960615e+01 2.347411351823303960e+00
-1.237625336224650852e+01 1.382173852745231812e+01
1.392737869053031829e+01 1.243204865646867319e+01
1.536538783906817685e+01 -1.449879148529696593e+01
1.346610640208383813e+01 1.997653969649636707e+01
-9.005469802612253716e-02 9.612177043500000906e+00
-9.993550882516192502e+00 -7.427537553208360066e+00
1.767575255985711635e+00 5.232434886670908725e+00
1.452389171696851378e+01 -2.061588286557345384e-01
-3.580214000989265344e+00 -4.007337557771757375e+00
-2.877336460924162509e-01 2.413558742656572775e+00
-1.043615183264965296e+01 1.369089384025940603e+00
-8.201120722830278709e+00 -2.260944827534512314e+00
-7.107480950701372535e-01 1.178530508747942918e+01
-3.502757990935691623e+00 -2.580225265373044863e+00
1.140530080729094564e+01 -9.013153677476193337e+00
-7.221032368077825225e+00 -1.282208153304456388e+01
-1.800068825802780381e+01 9.700518237276867239e-02
-1.633880860535856883e+01 1.916399111171421765e+01
9.240289401712008299e+00 6.415883877345464725e+00
6.386010010028083883e+00 6.454329634571536189e+00
2.440703584734698950e+00 1.697210062820696663e+01
-1.535786640359994237e+01 -9.414323848160726982e+00
-8.613867914413951610e+00 1.717208154105370710e+01
5.919392229048238363e+00 -7.322937645886650415e+00
-7.571325593753641670e-02 1.724210644550316829e+01
-1.909080660097443882e+01 -1.255250270840804205e+01
-5.807163477593437761e+00 1.118960249888601766e+00
4.758394633276346042e+00 -3.103951760518626202e+00
-6.687848757546168699e+00 -1.398716762954713921e+01
-1.441416429473634686e+01 1.152721208436029343e+01
1.289834243116479939e+01 -1.063287986939993601e+00
7.093064077277816182e+00 -1.031302106711606825e+01
-1.540536567731525608e+01 1.707020061541835076e+01
-3.350385811327669217e+00 1.274919946343761268e+01
9.541790987548665726e+00 9.718692850648551484e-01
-1.591898526825318960e+01 -1.419420663139456451e+01
-1.213995222247796235e+01 4.625815066314928004e+00
1.723814336836399264e+01 -8.491314529215774343e+00
-4.982636917411795707e-01 4.584479032628326678e+00
1.108348252119252564e+01 -1.848647826256556570e+01
1.813950049835331413e+01 1.188398159069767246e+01
-5.076516924381827778e+00 1.883417782026225495e+01
-9.782600172575502739e+00 1.949998076143910453e+01
-1.670840857175111793e+01 -7.115194203473720336e-01
1.045243646799885084e+01 -9.834574932764240884e+00
-1.578725710104643554e+01 3.222982078602516509e+00
-1.203927356562575568e+01 1.407969142476002844e+01
-1.330635512140831977e+01 6.158563850776893389e+00
4.386721044820070858e+00 -5.683021880616028199e+00
-1.886369315798720692e+00 -1.985092061402168540e+01
-1.460410190529515617e+01 1.102824204964925769e+01
1.647924328650934456e+01 -9.147115919318862254e+00
1.841424800491138569e+01 -9.303061867814381714e+00
1.928228233820683357e+01 1.860918077194714471e+01
-2.512553077504399823e+00 9.629323418247423660e+00
1.409494993205748159e+01 3.336822639917617295e+00
2.024913718042562039e+00 1.725885227613757422e+01
3.514739561824399061e+00 8.414534289871468786e+00
-6.790958551658366815e+00 1.534361046593240729e+01
-1.572604643445689732e+00 3.550610616713068879e+00
1.296170567412098507e+01 1.513126307656845881e+01
8.643202796818304279e+00 -1.654184410392176119e+01
1.416210269558634138e+01 -7.137140330328875848e+00
1.498423541539499126e+01 1.882201882412537941e+00
5.200360831789389238e+00 1.453820700506214081e+01
1.090847387087463716e+01 9.949655798167231779e+00
8.693720661722188936e+00 -1.339871889976818942e+01
-1.964919215533605978e+01 -1.514123782100242011e+01
-3.134570487214077161e+00 8.834881186947463050e-01
-1.200894581829221153e+01 -4.396634417365099523e-01
1.485638388166857737e+01 -3.845628425244242976e+00
7.675228618931978275e+00 1.063747867895217780e+01
-1.472894586960035923e+01 3.428456525836555358e+00
-7.251857073409615495e+00 -1.924053233324162804e+01
-1.466562024897987015e+01 -1.139491033143841037e+01
1.794620457764004584e+00 9.316323738957009937e+00
-1.841263414595196934e+00 -1.009982644639876526e+00
-1.888982787857351298e+00 7.257003654837767215e+00
-1.490777399811688753e+01 1.201411403115326948e+01
2.587448737463002857e+00 1.654675757474772979e+01
-1.306836041402512549e+01 -6.682313563662326317e+00
1.862092206984060994e+01 -4.776713282185948373e+00
1.459888689622810176e+01 -1.474879608145467813e+01
-1.200145590207758772e+01 5.441067307367319472e+00
1.541864495273951263e+01 1.662517897275232315e+01
-1.921924307829371514e+01 -6.832489795636931262e+00
1.165641008370027265e+01 -1.779910606701005094e+01
1.662250789028082210e+01 2.352800525308396118e-01
1.161768223489865548e+01 1.603214989526941281e+01
1.580009841392160297e+01 3.410547365078286930e-02
-5.189246979145710981e+00 1.909507537174429359e+01
-1.863351284111642059e+01 7.542903242515105688e+00
-1.303183713778746977e+01 1.595600435926733240e+01
-1.450070315719983682e+01 1.024520432218926658e+01
-5.916145671343780776e+00 -1.019650329793834409e+01
-1.714987118177907277e+01 1.922831931108132153e+01
4.072943799488193406e+00 -1.620259539375527424e+01
1.378487594263773985e+01 1.374999527534617982e+01
-1.489488625067492933e+01 3.479712389945017748e+00
1.173594613256776142e+01 1.632263176469528787e+01
-1.961431327296028115e+01 1.936226692523555926e+01
1.190600488806783375e+00 8.799813985348798440e+00
-1.136526795277903901e+01 4.814934089202125733e+00
1.185347996526267877e+01 1.106192174216313973e+01
1.045779881900172370e+01 1.865753190131434991e+01
1.291988272373357205e+01 1.249980460036127283e+00
8.335495704181479226e+00 -1.527372173472588912e+01
1.581056194982615892e+01 1.520607199561730027e+01
3.855095845010385602e+00 7.754994738978773228e+00
1.956200780616890000e+01 1.347599252226623179e+01
-1.075648878884372550e+00 -8.038558147426710931e+00
8.383420776846897127e+00 -3.496894729658951206e+00
1.197703779806595037e+01 -1.695054191430436674e+01
-1.823533689847300465e+01 -5.932423306258600704e+00
-1.795766566764568495e+01 -7.993440394080426614e+00
4.482539580705324767e+00 -1.757093678879950716e+01
5.665623028433962816e+00 1.930275328131475021e+01
1.794153930286418586e+01 9.311579163458031161e+00
-1.547035235684380616e+01 1.231110726375814579e+01
-1.653218413866442305e+01 6.296874050793132227e+00
-1.286899894577317482e+01 -1.468115906731100395e+01
1.587603754651014754e+01 1.991248810697122451e+01
8.091943281560244117e+00 1.009056146464928005e+01
5.125522283334746021e+00 -6.496066341592680260e+00
-1.505579750846777642e+00 1.192381141246361409e+01
-1.438568839448761238e+01 -7.942118021572222020e+00
-3.432941653201382337e-02 -1.964653429031549692e+01
